tree
version=v4
num_class=1
num_tree_per_iteration=1
label_index=0
max_feature_idx=14
objective=lambdarank
feature_names=Distance_km Available_Units_For_Type Meets_Demand_Bool Last_Updated_Min_Ago Units_Requested Blood_Group_Requested Urgency_Level City Availability_Ratio Staleness_Score Rel_Availability Rel_Distance Inv_Distance Urgency_Num Urgency_x_Distance
feature_infos=[0.12:1768.1500000000001] [0:29] [0:1] [1:240] [1:6] [0:7] [0:2] [0:9] [0:29] [0.0041493775933609959:0.5] [0:3.3846153846153846] [0.99999166673611051:8376.4774901500659] [0.00056524319588502955:0.89285714285714279] [0:2] [0:3530.8600000000001]
tree_sizes=7661 9647 10067 10101 10081 9977 10068 10095 10100

Tree=0
num_leaves=72
num_cat=0
split_feature=12 11 10 3 10 0 11 0 11 12 11 3 12 1 14 3 3 5 3 8 1 12 10 10 0 14 11 11 14 14 5 12 8 5 12 3 8 8 8 3 14 8 10 11 3 1 5 5 3 5 10 1 10 4 3 0 1 3 3 10 0 10 0 8 3 0 3 10 3 10 11
split_gain=296.862 79.8632 45.3588 33.5163 24.05 16.2805 9.29971 6.06565 6.07578 5.41531 4.46685 4.0966 4.02824 3.53753 3.48278 3.34877 2.77351 5.52762 2.70246 2.59823 2.79724 2.83364 2.57664 2.57207 2.26964 2.11442 2.24667 2.07947 1.98937 1.74189 1.71566 1.64261 1.78151 1.77751 1.67166 2.12462 1.65303 2.21078 1.67201 2.63032 2.90288 1.79933 1.63426 1.69537 1.42974 1.34269 1.32116 1.29259 1.24686 1.21852 1.15121 1.12135 1.50458 1.11077 1.10677 1.08986 1.07878 1.07014 1.02213 0.91785 0.970505 0.885059 0.874876 0.827551 0.719645 0.543434 0.484037 0.331231 0.315274 0.234966 0.0189417
threshold=0.055493964030549403 1.3717524754686119 0.17349498327759202 13.65 0.21380952380952384 4.7250000000000005 2.6958912219320648 9.0150000000000023 2.3460076200287419 0.19704452623895388 1.9233357983091681 9.6500000000000004 0.12861741653515435 2.5000000000000004 5.285000000000001 3.3500000000000001 37.050000000000004 1.5000000000000002 28.750000000000004 9.1666666666666696 3.5000000000000004 0.087108080033204277 0.73382030315117686 0.93113569654549566 9.7350000000000012 4.6750000000000007 2.4867754407426101 0.9999997804608155 2.1250000000000004 4.8650000000000011 4.5000000000000009 0.11280319437269209 2.9166666666666674 5.5000000000000009 0.12383905676813035 37.750000000000007 3.7083333333333335 5.6333333333333337 8.8333333333333339 63.750000000000007 11.325000000000001 12.750000000000002 1.619240408714093 3.1813150956003615 8.2500000000000018 16.500000000000004 4.5000000000000009 5.5000000000000009 21.150000000000002 4.5000000000000009 0.84987997563684592 8.5000000000000018 0.3371974239395959 3.5000000000000004 12.15 3.9050000000000007 12.500000000000002 30.350000000000005 6.8500000000000005 0.38811415122094739 3.0550000000000002 1.1910935180603663 7.0050000000000008 1.0833333333333337 36.350000000000001 3.1050000000000004 6.6500000000000012 1.2909012006364822 77.750000000000014 1.2982212982212984 4.1276334617497383
decision_type=2 2 2 2 2 2 2 2 2 2 2 2 2 2 2 2 2 2 2 2 2 2 2 2 2 2 2 2 2 2 2 2 2 2 2 2 2 2 2 2 2 2 2 2 2 2 2 2 2 2 2 2 2 2 2 2 2 2 2 2 2 2 2 2 2 2 2 2 2 2 2
left_child=-1 4 68 6 27 13 9 10 16 15 22 12 -6 -5 29 47 17 -9 42 20 -17 -22 -7 50 63 26 -12 -2 -11 54 -19 33 34 -27 -33 -36 -34 64 57 40 41 -40 43 45 61 48 -18 -4 -15 -21 -20 52 -23 67 59 65 -28 -39 69 -8 -61 -30 -53 -13 -38 -45 -62 -10 -3 -14 -25
right_child=1 2 3 5 11 7 14 8 53 28 25 24 58 18 -16 19 46 30 23 49 21 51 -24 70 -26 31 56 -29 44 -31 -32 32 36 -35 35 -37 37 38 39 -41 -42 -43 -44 55 -46 -47 -48 -49 -50 -51 -52 62 -54 -55 -56 -57 -58 -59 -60 60 66 -63 -64 -65 -66 -67 -68 -69 -70 -71 -72
leaf_value=-0.05905843129728669 0.0033723990618902224 -0.040974444925012864 -0.036288866929175781 -0.0057851262786736924 -0.0099667840543593567 -0.000624268157648179 -0.0015014183431652629 0.020774981388642998 -0.033095873559447805 -0.0043980669822105741 0.011067619661836052 0.0217613915910321 0.040334379275987819 0.034850483655845803 -0.035089483785956679 -0.022506986770118736 0.0029140159909558324 -0.036018563749650817 0.023160047554722805 -0.029331443691762174 -0.017225571852602491 0.017865538525016843 0.031870567809918579 0.040857799579639795 0.02156119781346728 -0.020187861883618125 -0.025573357984915879 -0.031895557352022263 -0.0038676515725423093 0.010550489374451714 -0.0035888629241816366 0.015951097607458681 0.029849054685419527 0.010747769925957234 -0.027252887346824774 0.0075399259475078216 -0.013399872076866949 0.034837224632408806 -0.025876438793847524 0.028626417443996067 0.0210405652491946 0.003774868188382235 0.031489527930302671 0.0018814945376565417 0.033689641692570924 -3.055852160846071e-05 0.027313700179610698 -0.0053339892526174 0.0071285266867956096 0.00012029689925141761 3.9172504521519401e-05 0.0054397314744828954 -0.010162066576129728 -0.00028409025070460473 0.0046082725038917964 0.011782843358941806 -0.0010701887423432712 0.0070736715258847794 0.0097563689107205559 -0.0053174395732915707 -0.035119309908845299 0.017717098755681494 0.028699551528242506 0.048124218564655208 0.0057541619825271818 -0.017372701784646498 -0.011668487539230998 -0.012420348181496231 -0.014765944374240206 0.018422798899427509 0.023941766534585986
leaf_weight=62.723443469498307 1.9923148965463031 18.005896314978603 3.5771997231058803 2.6751546551240599 2.1658862121403208 2.6456892462447277 2.2812165608629611 3.3766054669395142 5.0250800091307593 3.3436914896592489 3.7671490311622602 3.5307564912363878 6.1909378739073855 4.0068643400445634 12.43548923183698 2.2066613240167561 3.7507445537485173 2.8078813930042088 11.596400917042045 2.9718611254356793 2.3160537666408336 2.0972187889274192 10.920009470079092 20.319839660078291 6.0328799355775109 2.4359398400411001 3.1459234938956797 3.5166024456266314 2.5034216595813614 1.8331705150194455 2.7895361355040222 2.216614070814102 5.0148410694673684 2.3676674851449206 2.2613798254169524 2.4089698278112337 2.9294559881091145 4.2174104389268932 2.9540905002504569 2.735068062786012 2.4930976182222366 3.0327418819069862 5.1293154126033178 2.0797912473790339 3.6998079158365726 2.4239536635577679 4.0379707508254796 2.1899636236485094 2.9544811118394136 1.8427391797304151 2.2945984294638029 2.8020030779298395 2.9241217002272606 1.5608740915777159 1.6022003535181273 3.1519211521372199 2.8003394363913685 2.4548613557126373 2.8176488806493571 2.6785913407802564 4.1299423177260906 2.92202916322276 4.2001489149406552 53.182301294524223 2.4211192568764091 1.9303293908014891 2.6126581856515259 2.8138002688065171 1.9489305950701226 3.4829559351783246 5.5215733814984551
leaf_count=1457 33 321 69 40 41 42 40 38 109 48 49 34 69 50 289 34 57 49 153 49 43 20 120 222 56 56 71 75 49 28 48 29 52 37 50 41 49 37 49 28 31 44 60 32 33 33 38 41 43 30 26 51 57 29 28 45 49 47 44 49 84 37 49 467 39 32 53 54 36 47 83
internal_value=0.00014114 0.0117657 0.00296361 0.00694052 0.036968 0.0146481 -0.0106261 0.00625613 -0.0057389 -0.00118285 0.0112319 0.0412742 0.0241625 0.0260772 -0.0236712 -0.00864578 0.00515792 -0.00599865 0.0275357 -0.00268647 0.00319653 0.00836134 0.0259254 0.0323841 0.0448297 0.00678529 -0.00535136 -0.0205823 0.0144902 -0.0126981 -0.0228505 0.0097953 0.0120151 -0.0057153 -0.00150503 -0.0111419 0.0152496 0.0109974 0.0158584 0.00764009 -0.00143439 -0.0124656 0.0176126 0.0117616 0.0211621 0.0195061 0.0172323 -0.0270596 0.0254582 -0.019977 0.0195999 0.0142343 0.00256692 -0.0237988 -0.016415 0.000466588 -0.0158491 0.0268758 0.0303803 -0.0194295 -0.0232099 0.00870553 0.0212348 0.0468885 -0.00519142 -0.0090044 -0.0287131 -0.0279191 -0.0392415 0.0349105 0.03827
internal_weight=386.23 323.506 240.594 220.639 82.9123 153.469 67.1702 89.3849 26.1625 39.5969 63.2224 77.4034 14.6574 64.0842 27.5733 27.128 16.7627 8.97402 61.4091 21.3608 16.5462 14.3395 13.5657 39.7324 62.7459 49.6567 9.71341 5.50892 12.469 15.1378 5.59742 39.9433 35.1396 4.80361 6.88696 4.67035 28.2527 23.2378 17.8873 11.215 8.47993 5.98683 21.6767 16.5473 9.12526 9.3853 7.78872 5.76716 6.96135 4.8146 13.891 12.0235 5.02134 9.39975 13.3046 7.16204 5.94626 6.67227 12.4915 11.7024 9.42119 5.42545 7.00215 56.7131 5.35058 4.01012 6.7426 7.83888 19.9548 9.67389 25.8414
internal_count=6022 4565 3699 3342 866 2161 1181 1342 422 610 920 758 201 819 571 443 230 135 779 333 254 220 162 484 557 758 169 108 167 282 97 589 496 93 120 91 376 324 236 152 124 93 295 235 119 126 95 110 93 79 179 177 77 192 254 109 120 84 160 226 186 86 100 501 88 64 137 163 357 116 305
is_linear=0
shrinkage=0.03


Tree=1
num_leaves=91
num_cat=0
split_feature=11 0 3 8 0 10 11 11 8 3 0 3 11 3 10 11 3 3 12 0 1 7 3 11 3 7 10 1 8 7 11 1 8 10 14 7 8 3 5 3 10 11 12 10 8 3 8 10 8 3 0 10 3 8 11 0 11 12 7 5 4 11 11 3 10 10 8 12 10 0 12 0 3 10 3 12 10 12 3 11 5 10 10 14 7 0 3 8 11 10
split_gain=561.075 294.501 104.148 67.5504 51.7896 46.4904 37.8215 33.0022 22.671 22.2461 19.5855 14.4127 12.5632 11.6079 16.8437 9.9205 10.046 15.6044 9.9186 9.63114 9.29448 10.5407 9.79768 8.91304 8.41197 10.3938 8.36385 15.9644 8.23578 8.0821 7.95566 8.50941 8.4286 7.80858 7.65416 7.46748 7.12942 6.87283 6.44309 6.11505 5.94722 5.86275 5.76261 5.71276 9.96974 9.65246 5.64987 5.42042 5.2217 8.16076 5.98853 5.22066 6.20907 4.95449 4.67693 4.49515 4.32441 3.69828 3.53584 4.45382 3.43582 3.35731 3.40374 3.04416 6.00886 7.02405 3.53587 2.69543 2.61691 2.57708 2.51274 2.29518 2.2183 2.09038 4.56192 1.99486 1.96656 1.65714 1.42506 1.24075 1.18876 1.04347 1.49673 0.932604 0.867037 0.713551 0.375221 0.37347 0.365119 0.253116
threshold=1.3913096352149903 13.885000000000003 19.550000000000004 1.0833333333333337 4.7250000000000005 0.38160247033967176 1.0062793027431163 1.7312230425040072 1.0833333333333337 9.4500000000000011 4.9850000000000012 8.8500000000000032 4.3094392931318266 34.95000000000001 1.0101175268267759 3.7195660446095218 35.250000000000007 22.350000000000005 0.11280319437269209 1.7850000000000004 1.5000000000000002 6.5000000000000009 22.350000000000005 1.6145480531566732 11.750000000000002 4.5000000000000009 0.80230408661781227 17.500000000000004 18.500000000000004 6.5000000000000009 3.7692995968567371 11.500000000000002 2.7083333333333335 1.5213258389816502 5.5700000000000012 3.5000000000000004 12.250000000000002 7.4500000000000011 4.5000000000000009 51.750000000000007 0.59002578743783396 0.99999982964030021 0.15637226134585294 1.215594936708861 3.2250000000000005 44.650000000000013 9.8333333333333339 0.91413210445468518 3.7083333333333335 56.850000000000001 3.4550000000000005 1.1616507478825018 13.850000000000003 5.4500000000000011 1.1401164513175897 5.7650000000000006 2.583590502076575 0.12476611218520492 3.5000000000000004 4.5000000000000009 2.5000000000000004 2.4343589977196776 1.8947965723845164 8.2500000000000018 1.1379265457926548 1.5010204081632657 5.2250000000000005 0.15491876064991483 0.47158103747828251 5.5050000000000008 0.22909537505510888 3.6650000000000005 12.15 0.62767897856817156 35.550000000000004 0.21208931591636979 1.4917434192599053 0.22002226848041828 45.850000000000001 1.8643423081081865 3.5000000000000004 1.7694080113434956 0.68812271875308284 3.7650000000000001 4.5000000000000009 2.6150000000000007 2.8500000000000001 5.7083333333333348 2.1723591599922507 0.81046869654464604
decision_type=2 2 2 2 2 2 2 2 2 2 2 2 2 2 2 2 2 2 2 2 2 2 2 2 2 2 2 2 2 2 2 2 2 2 2 2 2 2 2 2 2 2 2 2 2 2 2 2 2 2 2 2 2 2 2 2 2 2 2 2 2 2 2 2 2 2 2 2 2 2 2 2 2 2 2 2 2 2 2 2 2 2 2 2 2 2 2 2 2 2
left_child=5 2 8 40 19 20 24 38 -2 54 11 61 36 14 55 16 17 -9 -17 78 41 22 -22 -3 25 -7 73 48 29 33 31 32 35 -29 -16 -12 51 88 39 -6 70 -1 58 44 68 -45 -47 -46 49 -28 85 52 -13 72 -8 -11 -31 -15 -20 60 -60 62 86 66 -65 -66 -33 76 -18 -32 -4 -64 -39 74 -21 -53 -19 -14 -5 -25 -63 82 -26 -76 -56 -50 -10 -44 -34 -82
right_child=1 23 3 4 7 6 9 15 10 13 30 12 77 57 34 18 43 67 42 26 21 -23 -24 79 81 -27 27 28 -30 56 69 63 37 -35 -36 -37 -38 53 -40 -41 -42 -43 87 45 47 46 -48 -49 50 -51 -52 75 -54 -55 84 -57 -58 -59 59 -61 -62 80 71 64 65 -67 -68 -69 -70 -71 -72 -73 -74 -75 83 -77 -78 -79 -80 -81 89 -83 -84 -85 -86 -87 -88 -89 -90 -91
leaf_value=0.0002024352209026325 -0.045541925731549623 -0.001610734449288933 -0.04427407204318741 0.024137610543922442 -0.0056147104574401615 0.039931365200362959 0.0082687434928750605 0.015751575270616231 -0.011910317264362412 -0.010054140335823476 -0.0034190157999121496 -0.012960519783423273 -0.011468288616344417 0.020462950734297509 0.037064122477199084 -0.04581457611082676 0.0055164479482335965 -0.036153828094845665 -0.021900814568767295 -0.011332292548585263 -0.0025815817117499323 -0.015891384658866262 0.035567121129580097 -0.027836221713268532 0.035066698636405998 0.0088717949300393568 0.0025705659953098466 -0.0057350081636650613 0.024328070083129018 -0.025840596601557426 -0.014046585904687164 -0.0112593320313958 -0.012187335806179009 0.024829507568307478 0.014110247170992235 -0.042964079169858276 -0.016432494123323951 0.028372652117819037 0.030156651551383293 0.025278175056406085 -0.0049448813719310536 -0.043289324959832842 -0.019277481108653977 0.01948855818105771 0.0063414436042976323 -0.031611788732777035 -0.0026786600813989495 0.036068750798691936 0.025548599000927454 0.034882983868378147 0.043908964406940761 0.012981814791214534 0.018213035180146879 -0.013634084556712684 -0.027017384546003456 0.011293717645250115 0.0013230517185367115 0.038538609704158455 -0.022710956950610955 0.016725221359646197 0.004556644898333787 -0.015271716952763354 0.014629492791887284 -0.0438503415250047 0.0040395320005307545 -0.030068998612276202 -0.045356234780253309 -0.0052795276825979287 -0.01895172934020601 -0.044523433588919116 -0.020315008596920703 -0.011880185392109978 0.0044128774147705278 -0.0081633357823787701 0.0073642054855421113 0.036064473166027643 -0.015141797853291478 -0.033845893902200247 0.043775122736280432 -0.056936142046679405 -0.021774006649340587 0.033691761591093279 0.046927511038875797 0.023646140436219248 -0.0086341299205286211 0.011650008222421033 -0.026889218830475712 -0.039270882391301207 -0.028660662254685221 -0.03935545047943724
leaf_weight=4.9193234965205175 30.243328396230936 2.8100638315081587 25.373214527964592 12.107171356678011 13.645687017589809 22.135901115834713 8.3628431819379347 9.4351719170808774 5.2392106652259844 16.88349125534296 7.2128887958824661 9.5683368705213088 8.2175318263471109 17.66732532158494 31.544013068079948 10.587126251310108 6.072266422212123 18.27093110606075 8.9596194103360194 7.4227967187762287 10.947909682989122 11.430362693965433 12.225941196084021 4.2295538112521163 28.965949684381485 17.932022884488106 16.527225883677605 13.467512469738724 17.235468417406082 10.582634866237642 4.1045281812548664 4.1820397116243866 5.0140844471752661 15.201513320207594 25.047030553221703 10.357156690210102 7.2666162177920333 6.9937093444168585 21.290759682655334 8.6442250907421094 5.5441638082265845 5.4152195733040571 5.2976445704698545 8.0373309925198573 11.134036879986526 11.013511236757042 12.698041737079619 11.06160621345043 10.160700850188734 11.476515978574751 24.883431222289801 7.7720211371779468 11.698971539735792 5.7614442072808734 6.2966951951384527 16.629961803555489 9.5146592482924444 50.825911231338978 7.6676804050803202 7.7928738296031943 7.458677813410759 6.9901055917143848 4.8729686327278596 7.4685454368591335 10.751788631081583 9.5738660842180234 16.786612872034311 4.9277228564023963 8.5522873699665052 22.948608476668596 7.7506584934890261 4.8957892395555973 6.927559208124876 12.293081909418104 7.4437782019376737 8.7807708606123906 7.8379892520606509 5.8062720112502566 11.482838451862333 124.32693174853921 6.3030953556299201 26.15380010008812 112.85793350636959 6.9833448082208633 5.3561160005629063 9.0218180678784829 6.8265119194984436 5.4484167024493217 4.2716197967529297 9.1882291398942453
leaf_count=27 266 15 213 40 58 44 38 42 29 33 40 52 52 42 57 79 30 113 49 42 36 45 28 26 40 54 45 47 44 29 33 29 36 45 56 82 35 28 67 31 26 54 30 33 54 59 59 38 29 27 60 31 54 39 37 38 32 76 37 36 33 56 31 42 51 58 129 27 45 180 56 30 36 48 33 34 46 31 27 1466 42 35 140 31 32 34 43 30 34 72
internal_value=0.000424782 -0.0140322 -0.00622533 0.00262705 0.00630123 0.028118 0.0314665 -0.00420106 -0.0214005 0.021144 -0.0179802 -0.00825338 0.00148087 0.0248897 0.017486 -0.0104298 -0.00516014 -0.0168178 -0.0209338 0.0173067 -0.000750647 0.00679775 0.0181835 -0.0550542 0.0401852 0.0265854 0.0146825 0.0179493 0.00712738 0.000681456 -0.0260687 -0.0215752 -0.0120074 0.0107622 0.0273262 -0.0277883 0.00922369 -0.00182805 0.0187025 0.00693679 -0.0347327 -0.0243955 -0.0138455 0.00186346 0.00978249 -0.00733877 -0.0168529 0.0220729 0.0276268 0.016559 0.0341368 0.0144495 0.00423561 0.00820008 -0.00830801 0.000559338 -0.0135274 0.0342377 -0.00697619 -0.000470139 -0.00981673 -0.0209835 -0.0117754 -0.0302817 -0.02229 -0.012683 -0.0393779 -0.0269016 -0.00908945 -0.040565 -0.0394275 0.00147422 0.0175445 0.00133715 0.0068056 0.0265835 -0.0306372 -0.0223694 0.035088 -0.056201 -0.0290443 0.0432527 0.0447676 0.0162673 -0.0199179 0.019913 -0.0217944 -0.0318948 -0.0218151 -0.033956
internal_weight=1259.29 827.697 696.33 440.306 401.638 431.598 386.659 205.834 256.024 178.613 225.781 103.426 59.1105 158.598 90.1045 162.253 109.041 40.4718 53.212 195.804 44.9388 34.6042 23.1739 131.367 208.046 40.0679 172.214 138.071 66.0018 48.7663 122.354 95.3013 46.5385 28.669 56.591 17.57 45.0867 28.9684 43.5807 22.2899 38.668 10.3345 42.6249 68.5691 36.8202 31.7489 23.7116 22.1956 72.0697 28.0037 44.066 37.8201 21.2673 19.6827 20.0157 33.5135 20.0973 68.4932 31.8789 22.9192 15.1264 44.3159 21.8345 48.7629 27.7942 20.3257 20.9687 31.0366 14.6246 27.0531 33.1239 9.76876 13.9213 34.143 21.8499 16.5528 26.1089 14.0238 23.59 128.556 22.4814 167.978 141.824 14.4271 11.6528 19.1825 12.0657 10.7461 9.2857 15.4913
internal_count=5998 5086 3579 1904 1609 912 722 996 1675 409 1409 592 289 302 184 840 546 228 294 613 190 109 64 1507 313 98 546 392 197 153 817 604 295 92 113 122 206 173 156 89 295 81 215 318 167 151 118 92 195 72 123 171 106 103 107 71 61 118 155 106 70 303 133 309 151 109 158 186 75 213 269 61 64 154 106 65 159 83 67 1492 170 215 180 64 69 63 72 60 70 114
is_linear=0
shrinkage=0.03


Tree=2
num_leaves=95
num_cat=0
split_feature=12 11 3 8 11 3 0 10 11 14 11 11 7 3 10 11 10 8 1 8 10 3 14 0 0 11 7 14 3 0 14 8 7 3 11 3 3 8 14 11 1 11 10 14 11 11 1 11 8 10 11 11 10 11 1 1 3 3 8 11 11 8 12 3 10 14 14 10 10 3 14 3 3 12 10 1 14 14 8 12 14 10 12 8 11 5 1 12 14 14 10 1 1 8
split_gain=423.74 238.834 83.3471 63.2478 38.9862 35.7874 35.4799 23.4418 22.5416 15.6909 14.9752 13.5126 11.9038 11.7267 11.3048 10.3981 10.1592 13.1571 9.9946 9.7823 9.27179 8.61717 8.20296 7.89108 7.34514 7.22418 8.46195 7.16001 7.06471 6.74178 6.6009 6.48186 8.23138 6.1471 6.79972 6.02491 5.66746 9.77135 5.59902 5.46808 5.79282 5.40319 8.91421 10.3945 9.22625 5.38123 5.25623 4.09013 3.92767 3.87625 4.52186 3.68239 3.57716 5.84846 4.94699 3.23007 2.90818 2.68602 2.4342 2.43143 4.97573 2.40018 2.35095 6.10799 7.73458 2.19342 3.99405 2.03969 3.94141 1.98442 1.94462 1.91715 1.85751 1.68941 1.65701 1.6415 1.62454 5.68838 1.54919 1.48282 1.3726 1.29775 1.17564 1.01959 1.21811 1.00877 0.988268 0.887065 2.78502 1.7951 1.34168 3.64646 0.8303 0.801865
threshold=0.070972356544165074 1.3281054180349707 13.65 1.0833333333333337 1.6145480531566732 6.4500000000000011 4.7250000000000005 0.51250781738586626 2.946666820367394 4.4750000000000005 2.6518435430164704 4.1276334617497383 6.5000000000000009 69.750000000000014 0.61845709447681674 1.035587203626942 0.71468475658419806 7.5833333333333348 2.5000000000000004 1.6333333333333335 1.7552417629439454 21.650000000000002 4.2550000000000008 3.1050000000000004 7.7650000000000006 1.6684347558389268 4.5000000000000009 2.8950000000000005 3.3500000000000001 7.2350000000000012 9.4350000000000005 5.1000000000000005 6.5000000000000009 21.650000000000002 1.1197478527176827 25.050000000000004 43.550000000000004 5.6333333333333337 5.1250000000000009 4.0172461788875253 15.500000000000002 1.9081752505057288 1.4688355993824396 4.5150000000000006 2.3117796924556004 0.99999969418683599 4.5000000000000009 2.3460076200287419 4.916666666666667 1.215594936708861 4.9516501395688026 6.3667762490964597 1.2504071661237786 2.4136349800524992 10.500000000000002 23.500000000000004 11.050000000000002 11.950000000000001 20.500000000000004 1.7312230425040072 2.6330049567281972 9.8333333333333339 0.13917891221558884 39.95000000000001 1.4688355993824396 3.5350000000000006 7.0450000000000008 0.24539979926396793 0.34928199262930493 48.850000000000001 6.2650000000000006 36.750000000000007 13.450000000000001 0.15278847725097464 0.80230408661781227 18.500000000000004 9.8400000000000016 8.2850000000000019 7.1250000000000009 0.12099217979159775 3.7650000000000001 1.1968294521695431 0.13342234089897645 11.750000000000002 1.7684216142967872 1.0000000180025095e-35 8.5000000000000018 0.54200940070505299 2.3850000000000002 5.9750000000000005 1.0983758310191032 19.500000000000004 18.500000000000004 2.6333333333333337
decision_type=2 2 2 2 2 2 2 2 2 2 2 2 2 2 2 2 2 2 2 2 2 2 2 2 2 2 2 2 2 2 2 2 2 2 2 2 2 2 2 2 2 2 2 2 2 2 2 2 2 2 2 2 2 2 2 2 2 2 2 2 2 2 2 2 2 2 2 2 2 2 2 2 2 2 2 2 2 2 2 2 2 2 2 2 2 2 2 2 2 2 2 2 2 2
left_child=4 5 10 14 -1 38 11 9 13 18 19 12 41 16 67 87 59 30 -7 80 21 -19 52 27 39 -15 -27 -21 85 46 62 32 56 72 -35 75 -37 -38 45 40 73 74 43 44 -43 -2 -12 83 -32 50 -41 76 54 -54 93 -51 79 65 81 -8 -61 -36 63 64 -18 78 -67 -4 -69 -44 -52 -46 -17 -10 -5 -13 77 -26 86 -30 -3 -23 -42 84 -33 -25 -48 88 90 -90 -9 -92 -68 -14
right_child=1 2 3 6 -6 7 8 15 24 -11 29 35 22 25 -16 33 17 20 -20 23 -22 58 -24 28 51 26 -28 -29 31 -31 48 47 -34 34 61 36 37 -39 -40 49 82 42 69 -45 71 -47 57 -49 -50 55 70 -53 53 -55 -56 -57 -58 -59 -60 60 -62 -63 -64 -65 -66 66 92 68 -70 -71 -72 -73 -74 -75 -76 -77 -78 -79 -80 -81 -82 -83 -84 -85 -86 -87 -88 -89 89 -91 91 -93 -94 -95
leaf_value=-0.00038287440847201582 -0.0054908326900041399 -0.017252810293511941 -0.043462798752701898 0.021698146235229109 -0.054497148819800383 -0.0030220994408390409 -0.0017118923442328141 0.02247333872948647 -0.023786171934515453 -0.021062371076141815 -0.039740363447890864 -0.024284149887188522 0.016637236895917635 0.043367298909510257 0.0066352188787646817 0.023051589375864538 -0.016099378248308309 0.0073242280381165927 0.033601902012904077 -0.0066301591029247643 0.012607490863018701 -0.017298487448261048 -0.012011753130242688 -0.01329927783224385 -0.043142567965376091 0.025345905965938564 -0.012269886758085149 0.032602082586979088 -0.0057278602676107499 -0.047076254598152643 -0.011870283534983202 -0.041181460101785035 -0.019998639545912893 0.013819136753020753 0.044254188346046934 0.020761083100176127 -0.024330210907345128 0.014353084308247374 -0.020138044250600024 -0.024704618677224219 0.022549704451487719 -0.0074750634029246499 0.022588654716701857 -0.012709692204551166 0.038035532854410456 0.021301770677992708 -0.005782440473068899 0.0024936750104493765 0.015234857564324973 -0.039035168617229637 -0.0077717200836656163 -0.0083581995184953042 -0.0080444607770510951 0.021781532690736523 0.039182897338196104 -0.0094252028185773471 0.029488903118445417 -0.0018604595339636112 -0.0084258995597693998 -0.032888840785186599 0.00047276064549557731 0.02658654352385777 0.03245037153263032 0.034270778017767907 0.02485829842229291 -0.03601358354221032 0.0015607080049440676 -0.0029129910354497328 -0.040533952577484642 0.042414635514927385 0.013113428272129036 0.019553572073418211 0.007813836376891363 -0.00047195780424568357 0.040283516618419127 -0.0023873100986912107 -0.049433991636255427 0.0034998272598313891 0.0016335665214041659 0.013480602613825183 -0.041104706950743967 -0.041144923705728399 0.005331981436606582 -0.012136143061021945 -0.018223972973418417 -0.036623246490988165 -0.027996394533022891 0.047618262025513468 0.046467963465799143 0.031637631157448262 0.045403701300624197 0.025400511715658027 -0.016712082470116019 0.0021896078511285809
leaf_weight=13.294974852353333 14.560246881097557 5.5839251298457375 25.197985472157598 10.528505496680735 121.65540150739253 10.079048063606026 8.1603743918240088 18.931790173053741 5.801211431622507 10.164337720721958 15.838566891849039 7.1196117140352708 6.7440215609967726 8.7728652358055133 5.4814233705401412 13.175688311457636 7.9387371018528956 9.0793308764696139 18.163416676223278 9.1605041064321977 14.066608048975466 5.6088300421834019 13.210689324885605 3.8795527443289748 4.4892536662518996 13.155476979911329 7.9116036370396605 6.31409853324294 5.9251922518014961 17.767504718154669 9.931420315057041 5.1337221413850838 8.8000484406948072 15.862564116716383 26.895217284560204 15.638186477124689 9.302530840039255 12.700268179178236 8.7266158945858461 7.4128125347197082 6.438140742480754 8.3990202993154508 13.671417690813543 11.067493140697477 10.497862011194231 11.086912978440521 3.9234840199351293 6.405338652431964 7.5941032953560343 8.1755423024296743 7.0203526206314546 6.4092090502381316 12.501782596111299 9.6294036246836168 8.5962181612849218 6.4766976293176404 5.8717298321425906 7.2593144439160815 5.6463233046233645 10.950747694820167 6.0234229303896418 18.301725745201111 13.358953744173048 8.4606466740369779 6.7642563953995705 15.505413774400951 3.8428745083510867 5.0645761154592019 4.3097724355757236 13.621519431471823 7.1021482534706593 18.09510163962841 17.964960537850857 4.8216148614883423 23.340650457888842 5.3510327935218811 6.2200281731784335 3.8750704899430275 5.2395845763385296 6.8300492092967033 9.7923855371773225 8.5052960179746133 8.471520930528639 6.5742009207606307 7.8843061104416847 9.8181898184120637 3.8318475447595119 28.271589308977127 49.136379987001419 21.310715094208717 19.26674372702837 24.108206652104855 3.8835194110870361 6.8773031383752823
leaf_count=55 45 48 264 38 1560 56 44 36 42 52 146 46 30 24 26 42 45 45 44 59 54 30 50 29 43 48 39 23 36 165 55 39 59 34 53 61 33 49 42 46 25 37 42 46 45 51 29 36 31 56 45 43 43 36 23 37 24 42 27 81 34 38 45 25 22 134 29 32 39 26 39 49 49 26 65 27 54 27 41 36 92 48 48 50 55 85 32 45 70 33 32 42 32 30
internal_value=0.000467179 0.00726315 -0.00303349 0.00330372 -0.049208 0.0282638 0.00653187 0.0316652 -0.00155657 0.00952368 -0.0207463 0.0152492 0.0193325 0.00530087 -0.0323606 0.0349728 0.00111623 0.00554138 0.0208753 -0.0127573 -0.00677904 -0.0163404 0.00809963 -0.00843836 -0.0140652 0.0218308 0.0113037 0.010385 -0.0128667 -0.0306057 0.0152675 -0.00763292 0.00255178 0.026348 0.0319157 0.00154692 0.00754135 -0.00234848 -0.000673976 -0.00859137 0.00202422 0.025125 0.0201519 0.0119665 0.0194895 0.006456 -0.0249743 -0.0180741 6.32037e-05 -0.0159343 -0.00727393 -0.0290358 0.0142232 0.00531361 0.0224871 -0.0273851 0.0136815 -0.0188237 -0.0270427 -0.0155123 -0.0216825 0.0378303 0.0223672 0.0154497 0.00312667 -0.0220816 -0.0275867 -0.0385561 -0.0224488 0.0336329 0.00290395 0.0273952 0.0147776 -0.0141551 0.0352941 -0.0157631 -0.0370034 -0.0234676 -0.0109719 0.00478997 -0.0340253 -0.0334401 0.0137168 -0.024593 -0.0295693 -0.0313716 -0.0187022 0.0397181 0.0376922 0.0424873 0.0316851 0.0351087 -0.00848638 0.00999139
internal_weight=1127.61 992.66 666.654 491.589 134.95 326.006 451.535 291.632 234.643 38.4068 175.065 216.893 166.781 151.929 40.0538 253.226 122.089 96.9545 28.2425 97.9732 42.9064 28.8398 57.5594 82.5969 82.7136 29.8399 21.0671 15.4746 67.1223 77.0921 54.0481 53.4246 27.427 92.2002 61.0595 50.1116 37.641 22.0028 34.3738 61.72 25.5325 109.222 75.3524 48.0595 36.992 25.6472 59.3246 25.9976 17.5255 36.1876 21.5353 20.9936 44.3487 22.1312 22.2175 14.6522 18.627 43.486 19.7604 25.1345 16.9742 45.1969 36.5226 23.1636 14.703 36.2267 23.2318 34.5723 9.37435 27.2929 14.1225 28.593 31.1406 10.6228 33.8692 12.4706 14.5844 8.36432 12.9949 12.7552 15.3763 14.1141 14.9097 19.5922 13.018 13.6977 7.75533 161.025 132.754 70.4471 62.3067 43.375 7.72639 13.6213
internal_count=6065 4450 3686 2365 1615 764 2004 626 1228 152 1321 776 560 697 361 474 586 427 100 671 204 150 212 531 531 111 87 82 449 650 223 335 155 216 125 216 143 82 138 364 141 348 245 177 131 96 485 180 86 223 130 167 162 79 83 93 96 339 105 159 115 91 137 92 67 297 195 335 71 68 84 94 91 68 103 73 124 70 102 72 140 78 73 144 94 114 61 258 213 103 110 74 61 60
is_linear=0
shrinkage=0.03


Tree=3
num_leaves=95
num_cat=0
split_feature=0 11 10 9 12 10 11 3 11 0 11 14 11 3 11 3 0 10 0 3 10 12 3 5 14 11 11 3 9 10 8 12 11 11 7 10 7 9 10 7 0 3 14 10 11 11 0 10 10 4 10 8 11 10 10 5 0 11 7 11 10 3 8 9 9 3 5 8 3 12 11 11 8 3 5 14 3 14 14 8 8 8 0 14 3 10 9 9 8 8 10 0 8 0
split_gain=348.7 214.952 61.3476 53.9328 39.9523 26.632 25.294 22.8556 13.3066 11.7683 10.3565 10.322 9.76954 9.31172 8.84246 8.73022 10.6708 8.25421 8.15684 7.4651 6.86615 8.79348 6.27735 5.89399 10.6109 8.8677 7.19875 5.85278 9.72706 5.82682 5.31249 5.2666 7.17751 5.10896 8.20918 11.5357 9.37478 4.99126 4.77803 4.68734 4.50977 7.21713 5.91305 4.91238 4.49616 4.25106 4.17692 4.14899 4.31505 3.62016 5.91425 3.46179 3.4238 6.29917 3.24732 3.91343 3.00409 2.62539 2.57451 2.57423 3.06573 2.46266 5.42125 2.40095 3.69341 2.8566 2.23636 2.16422 2.08932 8.11169 2.05427 1.97741 1.93072 1.92881 1.87833 2.99236 1.83816 1.83409 5.60667 1.69806 1.56675 4.49883 1.49801 2.12769 1.46084 1.41078 2.3562 2.35158 1.10449 0.948109 0.944752 0.941682 0.922031 0.874257
threshold=13.885000000000003 1.3541770399832653 0.25981103054273796 0.06872933396315542 0.18099562334565092 0.22183775470972705 2.7420000687296993 9.6500000000000004 1.8643423081081865 6.2650000000000006 2.4343589977196776 5.0650000000000004 2.3460076200287419 31.650000000000002 0.99999982964030021 41.750000000000007 1.7250000000000003 1.7611167200737461 5.6150000000000011 43.150000000000013 0.30803117587258561 0.12383905676813035 82.450000000000017 1.5000000000000002 2.1250000000000004 1.2440965570075033 1.035587203626942 23.450000000000003 0.048900047824007663 1.5010204081632657 8.5833333333333339 0.23781246465331979 1.8643423081081865 4.1276334617497383 6.5000000000000009 1.6843512524627078 1.0000000180025095e-35 0.098524558338186782 0.95128543177323677 3.5000000000000004 7.7650000000000006 23.150000000000002 19.990000000000006 1.5461427361920417 2.0848886501950532 8.7495818420689968 5.8750000000000009 0.72527256378554583 1.3063713290194128 3.5000000000000004 0.88289426199927834 3.4500000000000006 1.9413517629768859 1.1688904702603333 1.3735639658386443 4.5000000000000009 5.035000000000001 2.6330049567281972 7.5000000000000009 6.5741957837543934 1.4003367003367007 25.350000000000005 1.4500000000000002 0.16530054644808748 0.098524558338186782 7.4500000000000011 1.5000000000000002 5.4500000000000011 65.250000000000014 0.24009638443091683 2.1396412341415298 1.684781350562379 7.291666666666667 30.050000000000004 2.5000000000000004 4.2150000000000007 17.050000000000004 3.4850000000000008 7.9050000000000011 9.1666666666666696 6.5833333333333348 12.250000000000002 3.6250000000000004 8.7050000000000018 6.0500000000000007 1.0147238382532502 0.02980632551528074 0.02285717271140926 2.6333333333333337 8.4166666666666696 0.19496357301235354 2.8550000000000004 6.416666666666667 1.4450000000000001
decision_type=2 2 2 2 2 2 2 2 2 2 2 2 2 2 2 2 2 2 2 2 2 2 2 2 2 2 2 2 2 2 2 2 2 2 2 2 2 2 2 2 2 2 2 2 2 2 2 2 2 2 2 2 2 2 2 2 2 2 2 2 2 2 2 2 2 2 2 2 2 2 2 2 2 2 2 2 2 2 2 2 2 2 2 2 2 2 2 2 2 2 2 2 2 2
left_child=1 5 61 4 6 14 9 11 19 18 12 54 31 51 -1 16 72 22 29 -2 -12 -22 30 26 -25 73 -18 28 39 56 47 63 -33 34 36 52 -29 74 44 -6 41 76 43 88 -38 59 -13 -15 -49 50 -30 -11 -36 -54 55 -7 -4 -52 80 60 -35 -3 90 64 -5 84 -53 -20 69 -40 71 -68 -9 92 -23 -76 -8 93 -79 82 85 89 91 -84 -66 86 87 -43 -42 -82 -63 -39 -26 -17
right_child=8 2 3 10 27 7 40 15 -10 13 20 46 -14 17 -16 77 23 -19 67 -21 21 37 -24 24 25 -27 -28 33 49 -31 -32 32 -34 45 35 -37 38 79 68 -41 42 58 -44 -45 -46 -47 -48 48 -50 -51 57 66 53 -55 -56 -57 -58 -59 -60 -61 -62 62 -64 -65 65 -67 70 -69 -70 -71 -72 -73 -74 -75 75 -77 -78 78 -80 -81 81 -83 83 -85 -86 -87 -88 -89 -90 -91 -92 -93 -94 -95
leaf_value=0.0056247342844788582 -0.037624311728174695 -0.043093695133219714 0.025117668624918512 -0.02343087602522758 -0.032530980139467758 0.008167306787584979 -0.013016436970215758 0.029567184455783959 -0.052850804298691462 0.00020516344657585788 0.010593944201178632 -0.03159130049349166 0.019188733872107792 -0.019059382620079095 -0.040226247958913337 0.03219423658759589 0.043633522898676065 0.02435183333695258 0.01514592150804102 0.0078332040710450464 -0.045496983673343303 -0.023226464054949141 0.017742118363439779 -0.0054393032682743684 0.014427758938884875 0.00022635224632650602 0.014390576054746506 0.00052653087710329818 0.025039384696855186 -0.017012290096719316 -0.026328677689433852 -0.020089791173347287 0.018781461299682885 0.016383547272459151 0.028173396606937375 -0.024407755787409901 -0.002183983993079645 -0.026029899222836283 0.0081134376476476068 0.00091382028990367071 -0.022882456737971006 -0.012168255499910024 0.0049490109646329744 -0.0090540120893448425 0.027608438625729523 0.022454050127358616 0.00085533236887648263 0.016569663734032795 -0.010584884121076454 0.028219382508479676 0.0077497077569000858 -0.0044083673949741053 -0.013862276573203323 0.02190958805848129 0.0031898911552296267 0.032738058132428714 0.00052341978520099863 -0.017513666383093127 0.0044591444260061253 -0.013919714549088004 -0.0062657310430200243 -0.039347027427424179 -0.0034483097086717334 -0.028986489373088047 -0.0010802117257790215 0.010375525466983188 -0.017756729437440888 0.037556662517285948 0.046084963803650986 0.041479188554588153 -0.0079732243650571851 -0.045438241218143174 0.045053281817042184 0.038800129624458557 0.0093307183775195191 -0.016339974719606402 -0.036977621226966614 0.019247029754704163 0.043597262531749302 -0.013317073599333304 0.016399267163599487 -0.020294590458781039 -0.044045622669137148 -0.012220641946294807 -0.025089045659868369 -0.02599953363530548 -0.024323517897690695 0.012476025006041145 -0.048769011311718256 -0.00049117078592373774 -0.015513319708953864 -0.0042669234706274482 0.02744284094289285 0.046804886689619504
leaf_weight=8.3169227391481382 6.0364699959754926 27.47188525646925 8.2218163274228626 15.397935051470997 6.7182571999728662 11.044515751302244 5.9390145130455521 26.381758950650692 106.24227220378816 8.8916006423532945 3.8361011035740367 5.3357637971639624 8.3071778789162618 7.1573660820722607 5.6411476880311957 16.835121605545282 17.721174612641335 12.874277040362356 8.6946767717599887 5.5098723024129868 19.171229096129537 4.496112972497941 10.253428790718315 16.714323438704014 12.829505056142809 13.485189132392405 15.137406192719935 11.558457158505915 7.7436036057770314 7.5005032904446116 9.1686783544719201 6.8140127174556246 8.4449556209146959 10.335194818675523 11.307860597968103 7.1552801579236975 7.4512821212410953 4.1373502165079179 11.428721494972708 7.271597433835268 5.1270905211567941 7.3090203478932434 4.0218889750540248 6.2441234085708848 10.213504578918217 9.7010038718581182 8.0650996509939414 12.450656995177271 7.7877471335232249 8.9414156824350339 5.9098086431622487 5.7172720506787327 6.9438150562346008 9.1828981637954694 11.665809750556944 13.82753214985132 8.7585536092519742 7.2612825036048889 12.642937432974575 7.3767342157661906 9.4623808711767179 13.72164417803288 6.7846323810517779 14.587651768699287 4.3847583867609483 7.1403522789478293 6.8275069296360034 11.681912891566752 14.655705720186232 16.496308408677578 4.8311972692608824 5.7879046145826578 23.928209409117699 12.556670382618902 8.0510023795068246 6.4792614690959462 10.43227196484804 20.833762541413307 17.871595919132233 7.511961728334426 5.3150741606950778 7.3914977833628646 11.936281835660337 3.3444230481982222 3.9764886721968651 7.2535645328462115 5.616868805140256 5.0192082673311234 10.323763601481913 5.5751486234366894 3.7388415895402423 3.4576994962990284 16.803720623254776 37.242579035460949
leaf_count=38 45 305 41 112 34 34 40 55 1499 59 23 28 38 54 56 32 28 41 37 26 193 33 35 39 42 41 41 44 36 36 57 48 38 42 39 25 31 33 33 37 42 48 21 43 44 35 46 49 41 27 27 31 40 33 57 43 43 44 58 34 37 159 40 132 28 43 40 35 33 42 29 45 44 27 51 54 76 44 27 71 26 47 117 26 36 51 42 25 97 34 31 31 37 63
internal_value=-0.00111758 0.00507608 -0.00521741 -0.00231748 0.00306468 0.0253067 -0.00516925 0.0272045 -0.0495131 0.00318251 -0.018278 0.00847679 -0.00975342 -0.00299005 -0.0143563 0.0309213 0.0262065 0.00402321 0.0155973 -0.0170368 -0.0261625 -0.0283411 -0.00195925 0.0204252 0.0152752 0.0214802 0.0309847 0.0133702 0.00367514 0.00361547 -0.00780916 -0.013958 0.0012552 0.0162913 0.0196147 0.00732473 0.0253531 -0.0209146 0.0300299 -0.0162459 -0.0167009 -0.0125688 -0.0274428 -0.0334012 0.0155978 0.00643784 -0.0133604 -0.000902204 0.00611419 0.0132336 0.00583162 -0.0157764 0.0161683 0.00659693 0.0166285 0.0225647 0.0131665 -0.00643115 -0.00718932 0.000126161 0.00577742 -0.0361661 -0.0269205 -0.0189786 -0.0134933 -0.00280043 -0.0216657 0.0291499 0.0355218 0.0285764 -0.0267754 -0.0328614 0.0376671 0.0281111 -0.0082598 -0.00243129 -0.0295349 0.0384623 0.0313052 -0.0283225 -0.0106005 -0.00362877 -0.0324858 -0.0382587 -0.0139588 -0.0153269 -0.00986831 -0.00195153 -0.0420921 0.00843828 -0.0353603 -0.0177713 0.022463 0.0429235
internal_weight=1045.15 927.361 615.123 563.406 421.932 312.238 234.817 298.28 117.789 136.605 141.475 49.9387 69.0533 91.7476 13.9581 248.341 155.558 59.6922 44.8575 11.5463 72.4214 68.5853 46.8179 105.248 72.3894 55.6751 32.8586 187.115 43.846 24.4809 36.5644 60.7462 15.259 143.269 106.394 34.5899 71.804 49.4141 60.2455 13.9899 98.2115 72.4946 25.7169 21.695 17.6648 36.8753 13.4009 27.3958 20.2384 29.8561 20.9147 32.0555 27.4346 16.1267 36.5379 24.872 16.9804 13.1711 56.1233 27.1743 19.7976 51.717 24.2451 45.4872 30.8995 15.5016 23.1639 20.3766 42.5807 27.925 17.4466 12.6154 50.31 42.1899 19.0264 14.5303 16.3713 92.7831 38.7054 30.3877 43.4804 18.2817 22.8758 15.2807 8.36125 25.1987 17.9451 12.3282 15.4509 10.8902 17.4605 7.59505 29.6332 54.0777
internal_count=6074 4504 3682 3147 2040 822 1323 728 1570 673 1107 208 475 481 94 520 354 277 192 71 632 609 236 255 186 147 69 717 205 120 201 437 86 512 364 137 227 416 183 71 650 447 203 182 75 148 74 144 90 134 107 204 112 73 134 77 84 71 331 113 79 535 230 351 219 107 145 72 108 75 114 85 99 106 138 105 116 166 71 278 273 107 207 143 64 166 115 73 139 60 190 64 79 95
is_linear=0
shrinkage=0.03


Tree=4
num_leaves=95
num_cat=0
split_feature=12 11 3 3 10 10 0 8 14 12 12 3 3 11 11 8 11 12 11 14 11 0 11 10 10 11 1 11 7 1 1 11 10 10 11 5 14 3 8 5 3 1 4 0 14 4 11 0 3 12 5 8 1 8 0 14 8 14 8 3 11 8 8 10 8 14 1 14 3 3 11 4 10 0 1 8 8 14 12 4 14 4 10 12 5 10 11 0 3 12 11 0 3 8
split_gain=332.127 179.551 53.2363 52.8004 39.0654 29.0852 24.1538 17.4627 16.6994 12.7731 12.1778 19.9264 12.0436 12.0011 11.8944 11.0812 10.6763 8.40935 7.15877 6.7439 6.32531 6.28162 6.11745 5.47887 5.42526 5.20624 5.07546 5.03849 4.9854 4.74496 9.04057 8.16238 4.68073 5.5299 4.68047 4.26413 5.45389 4.21209 4.13919 3.97013 5.58673 6.59452 3.86549 3.607 3.58043 3.44315 3.42071 4.95272 3.55821 3.29481 3.21086 3.93387 3.26329 3.15699 2.97747 3.11722 2.97185 2.71631 2.35566 2.28646 3.63661 7.03539 4.33881 3.89662 2.70836 2.12202 2.14399 2.006 4.80428 1.99766 1.96901 2.6981 1.84782 1.75394 1.72887 1.60998 2.2671 1.57548 1.55567 1.51705 1.5107 1.12665 1.10996 1.03521 0.994731 0.962576 0.942112 0.782835 0.777937 0.722865 0.597105 1.41968 0.591392 0.329974
threshold=0.070972356544165074 1.7312230425040072 11.450000000000001 28.350000000000005 0.22183775470972705 0.35734237829209903 4.8950000000000005 1.0833333333333337 6.0450000000000008 0.14419618166015866 0.12187694958557382 17.950000000000003 7.4500000000000011 1.3541770399832653 1.3541770399832653 1.2916666666666667 5.6408884921053399 0.18099562334565092 1.2164657909434147 1.8450000000000004 1.6004766942897235 3.5050000000000003 0.99999982964030021 1.1843085689239536 1.7171261608593393 2.6727597414349433 12.500000000000002 2.2363740691051022 5.5000000000000009 18.500000000000004 21.500000000000004 3.1491795747309834 1.3459741193386054 0.85783972125435548 2.97021368599761 6.5000000000000009 2.8950000000000005 17.950000000000003 1.4500000000000002 6.5000000000000009 69.750000000000014 22.500000000000004 1.5000000000000002 7.0050000000000008 4.0050000000000008 3.5000000000000004 2.5416652766936774 4.1450000000000005 42.350000000000001 0.11383042958839644 5.5000000000000009 8.1666666666666696 8.5000000000000018 14.750000000000002 7.4450000000000012 9.0150000000000023 5.6333333333333337 2.1850000000000005 4.6333333333333337 43.95000000000001 1.035587203626942 5.4500000000000011 2.6333333333333337 1.5088153417878134 11.250000000000002 12.020000000000001 12.500000000000002 9.4350000000000005 52.750000000000007 6.0500000000000007 7.7184388310549448 3.5000000000000004 0.51250781738586626 8.1150000000000002 12.500000000000002 2.9166666666666674 12.250000000000002 2.8550000000000004 0.11019287091588187 1.5000000000000002 4.7350000000000012 2.5000000000000004 0.59662752714752376 0.12292567643121151 3.5000000000000004 1.4229755178907724 2.1723591599922507 3.1050000000000004 37.350000000000001 0.20942431339526157 2.384947501790144 3.8550000000000004 17.250000000000004 9.1666666666666696
decision_type=2 2 2 2 2 2 2 2 2 2 2 2 2 2 2 2 2 2 2 2 2 2 2 2 2 2 2 2 2 2 2 2 2 2 2 2 2 2 2 2 2 2 2 2 2 2 2 2 2 2 2 2 2 2 2 2 2 2 2 2 2 2 2 2 2 2 2 2 2 2 2 2 2 2 2 2 2 2 2 2 2 2 2 2 2 2 2 2 2 2 2 2 2 2
left_child=14 2 9 7 22 38 19 78 12 32 11 -6 53 73 -1 -11 17 25 57 21 88 85 -4 -20 34 27 28 92 42 31 -31 56 33 83 37 59 -37 58 79 40 41 46 -8 -30 87 -44 -21 48 -48 50 82 52 -52 72 55 70 -28 -17 -19 60 63 62 -62 -12 -63 66 -57 68 -32 -59 71 -51 -9 -13 -42 -61 -77 -39 -3 -5 -40 -27 -10 -2 -18 -7 -16 -36 -15 -81 91 -74 -14 -92
right_child=1 3 4 5 10 6 26 8 49 15 35 13 16 20 86 18 84 24 23 39 -22 -23 -24 -25 -26 81 29 -29 43 30 67 -33 -34 -35 44 36 -38 77 80 -41 74 -43 45 -45 -46 -47 47 -49 -50 54 51 -53 -54 -55 -56 65 -58 69 -60 75 61 64 -64 -65 -66 -67 -68 -69 -70 -71 -72 -73 90 -75 -76 76 -78 -79 -80 89 -82 -83 -84 -85 -86 -87 -88 -89 -90 -91 93 -93 -94 -95
leaf_value=-0.0012094389213052697 -0.032726449574143744 -0.016286418521901595 0.0045729016112898094 -0.011643017634299061 -0.020880420295707421 0.046236790062992181 0.0022740639649064453 -0.0095369259504504734 -0.01767032204223121 -0.024619820656618177 0.041288999907580622 0.02367282143085624 -0.004619316960856378 -0.014213444327998707 -0.033221294455554336 0.026403213109692968 -0.010105756184191371 0.031334892003003233 -0.022411497480239094 0.019157990467181165 0.02343723717847692 0.0088727088234283324 -0.032479984843017499 0.01110366884199802 0.027052056535438761 -0.0304249771244232 0.037204274062764511 0.016167317986482278 -0.01210042625013721 -0.030707828945626868 -0.006239313028454597 -0.012933596657283192 -0.038017206705663067 0.0082022595311468695 -0.0082456751621609557 0.0080159577662648283 0.03489443621895183 0.0078314676537997018 0.002050135362138503 0.030566560439299891 0.003114562535137381 0.03081948455616778 -0.03389013977531237 0.01513370363107165 0.010794888228527928 -0.0046198287661161318 0.0048743670880846846 0.017001326649471842 -0.019826446261325167 -0.03339685466977841 -0.020633012627082909 -0.037463399329761386 0.012928578835220281 0.0027808321428461052 0.0021602505045799723 -0.014682348748849513 0.0098168117745796608 -0.00044153975000333343 0.0079587632680190017 0.025977639216965245 0.026244694987074123 0.040383182851789018 -0.00044434861495045461 0.02390469834308067 0.020506644585846678 -0.022376643290949592 0.010224777783110766 -0.0083533299737010968 0.021791036551931941 0.019396840831546917 -0.0041689985116298385 -0.0069079915497824874 -0.0039488721272984244 0.041552077551095731 -0.01583479594947745 0.045804489943389384 0.029675629483856925 -0.013650517793266898 -0.043149891037275331 -0.044189152701426447 -0.020144403337141414 -0.011057382865965842 -0.040995637617226396 -0.0084143299122030717 -0.02983449310301186 0.025774145126385168 -0.051523462246076915 -0.026839770558738481 -1.0302437114223097e-05 -0.018181552171375254 -0.038211365616338512 -0.028913172690276844 -0.019763869207373969 -0.018402890103490027
leaf_weight=4.7073629759252062 4.98025587201119 3.9596290141344097 6.1103971824049941 3.2986215148121181 9.6676811352372152 10.560923919081693 5.3186245784163502 6.7105848006904152 4.5090703256428268 7.7092379480600348 43.697012931108475 13.747038975358008 5.222862761467697 5.7085907012224215 10.07142052054405 19.872128613293171 4.7631728500127783 8.3694567084312492 7.2709646821022025 14.819537803530691 10.360248178243635 10.508583165705202 9.555248783901332 8.4440864473581296 11.902275413274763 7.0742063820362073 7.3773558214306849 9.3616324327886087 7.7803381681442243 8.0286855511367303 9.8741908110678249 6.973137203603982 6.8322785198688498 8.1328070126473886 5.3200420811772329 16.253828048706058 11.760869979858397 5.2856894880533201 5.3283511288464052 8.560102913528679 8.6424913331866247 14.444201268255709 13.243274144828321 7.7397789172828197 4.9697752371430388 5.3194144964218131 10.209325209259992 11.152021694928406 9.1614989675581437 21.212215323001153 4.0309825800359231 4.0322070866823188 4.4554533511400223 3.89266039058566 5.7252796888351432 4.5221407152712363 7.9186455048620701 9.1044023334980029 8.1756228208541852 14.572460964322088 8.0577948242425936 18.815443746745586 13.804520986974238 23.331980466842651 14.728203423321245 5.6481039784848681 6.125774834305048 8.0473255664110166 10.512948550283907 8.0818569511175138 3.6506666503846636 4.8190058320760718 3.9758300632238406 20.266029588878155 7.178595755249261 43.633578106760979 20.021159186959267 5.0784632004797459 20.632802058011293 9.5539991296827775 4.3784611858427525 6.7400025688111782 18.59145026281476 3.361648129299283 9.6002242900431138 9.2304727435111982 99.760738480836153 4.496082928031683 7.1939891949295998 3.3563306275755158 10.020794596523045 4.2237210869789124 4.7745494320988655 4.1692370474338523
leaf_count=29 45 42 28 37 48 34 34 49 38 48 82 28 35 36 86 65 36 31 56 53 40 38 104 53 51 55 21 47 52 56 58 50 57 41 32 43 28 29 32 29 37 47 105 45 19 33 37 39 38 176 41 39 27 31 39 36 41 36 40 42 33 57 54 48 50 47 39 46 39 26 26 31 26 48 35 80 42 31 237 102 31 45 172 28 75 29 1504 37 36 35 104 41 26 36
internal_value=-0.000353382 0.00592138 0.0209063 -0.00631421 0.0266035 0.00373962 0.00742833 -0.0160363 -0.0132497 -0.000323106 0.0290547 0.0173795 -0.0065215 0.0240849 -0.0481762 0.00695917 -0.00131562 0.00273582 0.0119443 0.0167311 0.00704024 0.0287647 -0.0186203 -0.00481606 0.0100136 -0.00897177 -0.0034822 0.00121062 -0.0116707 0.0021146 -0.00453232 0.0127252 -0.0187298 -0.00901321 0.00463018 0.032382 0.0201136 0.0119269 -0.0256726 0.0121122 0.00965114 0.0137995 -0.0199962 0.00157501 -0.00856356 -0.0261672 0.00782961 0.00189616 -0.00720776 -0.0233935 -0.0306481 -0.0164067 -0.00350744 -0.0219711 -0.0179089 -0.0204008 0.0244984 0.0189916 0.0208957 0.0339865 0.0306317 0.0240025 0.0101101 0.0356781 0.0325022 -0.00907612 -0.00070558 0.0036507 0.00855802 0.00944108 -0.0261198 -0.0289301 -0.0252645 0.0352083 -0.00591366 0.0387843 0.041269 -0.00296969 -0.03963 -0.0346114 -0.00890759 -0.0223597 -0.0373648 -0.0248785 -0.0243757 0.0383919 -0.0501601 -0.0184564 -0.00686467 -0.039221 -0.0293691 -0.0185534 -0.0129915 -0.033986
internal_weight=994.174 879.635 395.076 484.559 311.286 238.517 212.601 246.042 221.449 83.7897 295.62 66.9436 134.127 57.2759 114.54 60.4827 101.134 86.7707 52.7734 114.468 23.2628 30.3 15.6656 15.7151 53.5974 33.1733 98.1337 19.359 39.4014 58.7323 36.4632 22.2691 23.307 16.4747 41.6951 228.677 28.0147 26.9092 25.9158 84.1678 75.6077 59.7866 23.8813 15.5201 14.7859 18.5627 45.3424 30.5228 19.3708 87.3224 35.6192 12.5186 8.48644 32.9928 51.7032 45.9779 15.296 37.0584 16.5451 200.662 122.435 55.406 21.8623 67.029 33.5436 16.296 10.6479 28.4345 20.3871 17.1863 29.6819 26.0312 29.1002 34.0131 15.8211 78.2272 63.6547 10.3642 24.5924 16.209 9.70681 13.8142 23.1005 8.3419 14.3634 19.7914 109.832 9.81613 12.9026 12.9103 22.3896 8.19955 9.99741 14.19
internal_count=6100 4481 1382 3099 927 1233 996 1866 1587 455 795 236 876 188 1619 284 589 478 236 416 112 101 132 109 270 208 580 108 269 311 199 112 171 114 219 559 71 131 237 315 286 214 172 97 88 138 167 114 75 711 317 107 68 287 394 355 62 127 71 488 324 194 87 130 107 122 75 143 97 62 233 207 256 76 72 164 122 60 279 174 63 100 210 73 111 63 1590 69 72 137 207 67 61 140
is_linear=0
shrinkage=0.03


Tree=5
num_leaves=94
num_cat=0
split_feature=0 11 10 9 8 0 11 3 11 1 9 0 11 1 3 9 9 8 3 8 1 0 3 11 0 12 5 10 1 11 14 1 14 14 5 3 14 3 3 12 11 9 0 11 3 3 11 4 4 1 10 1 10 10 3 7 7 0 5 11 11 10 11 12 12 3 10 10 5 0 14 0 14 11 11 0 10 11 14 11 9 11 0 3 1 1 11 14 14 8 12 8 3
split_gain=281.286 140.432 48.5269 43.5033 33.5726 31.7017 30.0108 24.5344 12.9625 12.0589 11.9624 10.6095 8.61459 9.86583 7.56771 7.54617 7.17949 6.83721 6.79355 6.58255 6.83961 6.47068 6.44176 6.04822 5.35124 5.32846 5.68642 5.23293 5.04825 4.52273 4.5015 6.48202 7.18476 5.59362 7.58833 4.76694 3.88893 3.87571 5.94885 3.84506 3.95805 3.88759 3.79434 3.71488 4.436 4.00689 3.54715 3.44713 3.3946 3.26352 6.72501 4.28062 3.86818 3.24153 3.11147 2.9593 4.23442 3.98604 2.93428 2.86204 3.71272 2.83738 2.59614 2.44542 3.25797 2.37543 2.96668 3.44855 3.88837 2.36892 3.7573 3.43024 2.27121 3.46538 3.37448 2.25722 2.15263 2.06945 2.00123 1.92887 1.26469 1.20329 1.09054 1.06627 1.02355 0.995142 0.994946 0.832319 2.03286 0.473388 0.248364 0.189689 1.32765
threshold=13.885000000000003 1.7312230425040072 0.38811415122094739 0.06872933396315542 0.77500000000000013 4.8550000000000013 1.0062793027431163 16.350000000000005 1.8154847384632187 1.5000000000000002 0.23532668881506094 3.6650000000000005 3.1491795747309834 13.500000000000002 80.850000000000009 0.064309346567411094 0.079682539682539702 8.5833333333333339 38.45000000000001 2.0833333333333335 10.500000000000002 4.2950000000000008 6.4500000000000011 2.6518435430164704 4.3850000000000007 0.43384152079804261 6.5000000000000009 1.3314711359404099 7.5000000000000009 1.1591106038371779 3.9150000000000005 20.500000000000004 4.7650000000000006 5.5150000000000006 2.5000000000000004 34.250000000000007 8.5350000000000019 17.750000000000004 28.950000000000003 0.22547942976836888 4.1276334617497383 0.015637226134585295 4.3350000000000009 1.0062793027431163 31.050000000000004 15.350000000000003 1.3281054180349707 1.5000000000000002 4.5000000000000009 10.500000000000002 0.79473662013411506 26.500000000000004 1.7552417629439454 1.0147238382532502 34.95000000000001 7.5000000000000009 4.5000000000000009 6.5550000000000006 3.5000000000000004 2.2728036912720984 2.4136349800524992 1.0147238382532502 2.97021368599761 0.13522656621438761 0.090130707804287627 103.55000000000001 1.2909012006364822 1.6253342245989308 5.5000000000000009 7.3650000000000011 9.9550000000000018 6.2650000000000006 5.285000000000001 3.9512562395168831 3.2344408532360389 5.1250000000000009 0.63401229990840513 1.5148506518976248 2.2450000000000006 5.1535587393950335 0.12579113924050636 0.99999982964030021 1.8550000000000002 4.1500000000000012 8.5000000000000018 7.5000000000000009 2.3460076200287419 3.2350000000000008 1.6250000000000002 4.916666666666667 0.13253816291039405 4.366666666666668 32.95000000000001
decision_type=2 2 2 2 2 2 2 2 2 2 2 2 2 2 2 2 2 2 2 2 2 2 2 2 2 2 2 2 2 2 2 2 2 2 2 2 2 2 2 2 2 2 2 2 2 2 2 2 2 2 2 2 2 2 2 2 2 2 2 2 2 2 2 2 2 2 2 2 2 2 2 2 2 2 2 2 2 2 2 2 2 2 2 2 2 2 2 2 2 2 2 2 2
left_child=1 2 9 4 -3 25 22 15 18 81 11 19 13 14 55 -8 -17 54 -2 -5 -21 46 -4 59 28 26 30 36 -9 -26 37 33 -33 34 -32 -35 -23 -6 58 53 41 -41 -36 -11 45 -45 -18 82 65 50 -31 52 77 -40 -15 56 57 84 -39 75 -61 -59 -22 64 -19 66 69 68 -68 70 71 -14 73 74 -25 -13 -71 -51 -60 -69 -77 -1 -24 -74 -7 -49 -66 88 -30 -57 -29 -87 -93
right_child=8 3 6 10 5 12 7 24 -10 43 -12 23 48 17 -16 16 21 63 -20 20 62 27 47 72 29 -27 -28 90 87 49 31 32 -34 35 42 -37 -38 38 39 40 -42 -43 -44 44 -46 -47 -48 85 -50 51 -52 -53 -54 -55 -56 89 -58 61 78 60 -62 -63 -64 -65 86 -67 67 79 -70 76 -72 -73 83 -75 -76 80 -78 -79 -80 -81 -82 -83 -84 -85 -86 91 -88 -89 -90 -91 -92 92 -94
leaf_value=-0.016197973116141649 -0.034944434816665357 -0.041738453540794633 0.012942953478025584 -0.030604097034521383 0.028412678255838823 -0.0081219705984727428 -0.034559238219199442 0.0087871817924167501 -0.050030912788649518 0.012099882917908655 -0.039444963932009025 -0.0030007998858505845 -0.034577835499178852 0.0048991024497113227 0.011635982481330501 0.022941159526594083 0.017953377790542017 0.0064948668446716601 0.0093483938364087044 0.025850315495021581 0.0045331027517922012 -0.016427826515584072 0.032646792083729996 -0.020506844654375869 -0.0011947389937386037 0.03316520329096484 0.0265243815846904 -0.038178598033892321 0.035860534832629659 0.023637192568105377 0.036624689034436463 -0.033534724388617702 0.0027776627917183512 -0.027551187430021228 -0.012058108206280654 0.0073905652831267434 0.017771733078637771 0.010102961495024829 -0.011949812012469536 0.0072983051118295107 0.0039672387391717478 0.03259695358868292 0.014825312147082036 -0.0022676174106067647 0.0079535188447032532 -0.037225186403113897 -0.0080138037689347977 0.028819273545599912 0.0064143924965509164 0.02663646151320823 -0.006406029292419368 0.0043265801795217664 0.045058572296610741 0.011802290916555823 0.026544168886280042 0.0042543469074630075 -0.03964530519448449 -0.035507191250115269 -0.025866345420792847 0.013223253971997121 -0.015431524708939597 -0.0041464922192000634 -0.020697586764856005 0.011582564354541658 -0.028446499050722909 0.0029604647275347441 -0.015876840342051498 -0.0086634608047542697 0.01830978297305037 -0.018165288475421728 0.0045944126888424639 -0.0058017645690912048 -0.013230721050010684 -0.033084282776817596 0.013877641456633488 -0.033696409315336066 -0.04747783308901872 0.0076096454092701108 -0.001850127948085527 -0.034751527973926208 -0.012371422881681346 -0.039136627916749329 0.019693729941647281 -0.041604812634012354 0.0099143440833673116 0.046918626439477751 -0.0078001585901747621 0.040507694314422797 0.01707249003243071 -0.0083147891835934299 -0.018055319238458101 0.029358190332558601 0.043769999191458214
leaf_weight=5.4929763078689566 5.3949661590158922 15.80407579615712 14.625611670315264 4.1371859554201391 10.242620028555391 4.6890172325074726 4.9671770110726348 10.222148507833479 94.882919401861727 13.588654585182665 25.207634253427386 5.6242692023515728 9.9996458105742985 10.573554519563915 9.3448621183633787 9.6971769556403142 10.947524264454843 5.8926874250173595 5.4300528205931187 8.916207395493986 7.7249254919588548 5.6268403306603449 16.319411411881447 4.9450161233544367 11.466868191957472 8.2265878766775113 14.960653167217968 5.0108499750494939 13.618328340351583 13.443562503904106 8.8592564426362532 7.700692534446719 10.919134438037871 5.2366799451410753 7.3223530948162106 7.3191290348768234 4.4594157189130783 6.1551823168993023 7.3838091697543886 8.5294470116496104 11.523704275488852 18.738241828978062 10.014707218855618 6.188730116933586 8.6609469652175886 4.8937754556536674 7.084223609417676 20.101619780063629 4.9803266711533061 18.471148014068607 11.881374455988405 8.6555955372750741 9.2081328779458982 12.590182937681673 14.587402261793612 4.54773051291704 8.044410724192856 7.0276048183441144 5.4185486994683725 6.6829265318810922 7.6755102425813675 4.2715046182274818 5.5353343300521374 5.2124634981155387 5.2586132250726205 4.1501518189907065 4.6674972064793128 6.5576388984918577 5.3689089249819517 6.0105226188898069 4.8776229210197917 6.3523816466331473 2.569832261651757 8.7783731147646886 3.6111172325909138 7.8048570379614812 6.6184799112379551 8.401801096275447 6.4062718041241169 4.4324180409312248 5.9600456207990646 8.5432482510805112 21.437602981925011 15.851113216951488 4.6482485830783844 25.549353525042534 4.7101385965943336 16.573633685708046 13.38412321358919 4.3452954106032848 4.2434348426759243 25.790302399545908 20.970198199152946
leaf_count=27 49 196 49 42 47 33 24 37 1505 46 266 44 86 58 45 41 45 30 28 43 43 41 35 44 37 29 59 49 36 49 34 39 50 39 42 38 29 38 37 38 48 60 52 48 37 39 55 38 31 65 48 29 22 44 51 32 65 67 29 34 58 25 46 31 36 22 41 44 31 54 34 51 24 90 25 76 64 39 39 37 54 108 43 185 29 44 28 42 40 31 28 61 41
internal_value=-0.00060007 0.0052154 0.0187098 -0.00589746 -0.000388774 0.0017457 0.0227537 0.0147008 -0.0464864 -0.00953108 -0.0212668 -0.0161264 -0.00790682 -0.00203433 -0.011606 -0.00277358 0.00122988 0.00771893 -0.0138146 0.000124608 0.00693041 -0.0048547 0.0330019 -0.0221935 0.0213912 0.0107935 0.00943868 -0.0165187 0.028838 0.0161874 0.00749772 0.000942644 -0.013184 0.0078912 0.0155917 -0.00814004 -0.00106811 0.0117612 0.00920198 0.013768 0.019166 0.0252216 0.00343265 0.000514427 -0.0076583 -0.0195074 0.00786649 0.0351399 -0.0162896 0.019009 0.00983428 0.0238742 0.0283204 0.00287071 0.0179831 -0.0175382 -0.0220908 -0.0137317 -0.00566061 -0.0125177 -0.00210198 -0.0249527 -0.00671199 -0.00479536 -0.0105453 -0.0182798 -0.0199102 -0.0103343 0.00241305 -0.0253898 -0.0178139 -0.0243776 -0.030737 -0.0208041 -0.00606125 -0.0197495 -0.0358836 0.0211742 -0.014014 -0.0212059 -0.0259262 -0.031834 0.0259902 -0.0385315 0.000947315 0.03856 -0.0202918 0.0332389 0.0274902 -0.00210684 -0.0316119 0.0408378 0.0366024
internal_weight=946.778 841.071 379.526 461.545 340.52 324.716 332.157 187.363 105.708 47.3683 121.024 95.8167 157.169 93.1535 46.9187 52.0366 47.0695 46.2349 10.825 26.3137 22.1765 37.3723 144.794 69.5031 135.327 167.547 159.321 19.3405 53.7982 81.5285 144.36 57.372 18.6198 38.7521 26.1963 12.5558 10.0863 86.988 76.7454 58.7654 38.7914 27.2677 17.3371 33.3321 19.7435 11.0825 18.0317 130.168 64.0156 70.0616 25.3249 44.7367 36.0811 19.974 25.161 37.5738 28.6808 20.6364 17.98 33.7476 14.3584 11.2991 13.2603 21.0739 15.8614 59.0353 54.8851 21.0265 10.0364 33.8587 21.2297 16.352 35.7555 17.3345 8.55613 19.3892 12.629 26.8729 11.8248 10.9901 13.7649 14.0362 37.757 18.4209 9.33727 92.4115 9.96875 43.5761 27.0025 8.89303 9.25428 72.3099 46.7605
internal_count=6042 4460 1372 3088 2014 1818 1067 756 1582 305 1074 808 1056 561 327 312 288 234 77 174 132 247 311 634 444 762 733 147 155 289 674 294 89 205 128 77 70 380 333 227 146 98 94 170 124 87 100 262 495 252 97 155 126 81 109 282 219 154 106 266 92 92 89 125 94 464 442 153 72 289 171 137 368 159 69 174 118 104 68 81 130 135 78 209 62 184 64 118 76 63 77 146 102
is_linear=0
shrinkage=0.03


Tree=6
num_leaves=95
num_cat=0
split_feature=12 11 3 8 0 10 11 10 11 3 10 3 11 11 0 3 1 3 14 8 7 3 14 1 12 8 11 11 11 11 3 7 7 8 8 3 0 1 3 0 7 11 7 11 8 11 8 8 1 10 8 1 1 3 10 12 7 11 11 11 10 10 14 10 8 8 1 0 3 14 0 1 14 11 7 10 11 8 5 11 10 7 10 3 10 14 3 0 11 11 8 3 14 11
split_gain=252.18 119.089 54.0574 44.2319 28.1229 25.9988 17.1174 12.1733 10.7025 9.73906 9.50373 9.25854 9.03307 8.58403 7.75204 7.64122 7.2069 7.10987 7.55556 7.04598 10.1876 6.33658 5.76613 5.58092 6.23741 5.34136 5.06944 5.01956 4.57538 7.37718 4.36986 4.32028 5.38091 4.55593 4.27308 4.23005 6.3794 5.61891 5.64419 5.21774 4.05837 6.14157 3.90506 3.83182 4.45635 3.59511 3.53801 3.46981 3.34151 3.86792 3.29128 3.20117 3.2371 3.45921 5.4035 3.14021 3.75281 3.47395 2.95761 3.3617 2.78954 2.62256 2.47086 2.4429 2.27659 2.24168 2.4135 3.96076 2.10625 2.08406 2.05279 1.94959 1.77128 1.7507 3.97792 3.12089 1.58793 1.53818 1.53485 1.49666 2.54264 1.2665 1.20533 1.1629 1.13788 1.06158 1.05497 0.916898 0.89037 0.810635 0.807414 0.448829 0.342928 0.18488
threshold=0.070972356544165074 1.3541770399832653 12.15 1.0833333333333337 3.5050000000000003 0.22183775470972705 1.6145480531566732 0.61845709447681674 2.5416652766936774 6.0500000000000007 0.83360477741585248 3.1500000000000008 1.035587203626942 4.1276334617497383 6.2150000000000007 37.350000000000001 19.500000000000004 77.750000000000014 6.6250000000000009 9.5833333333333339 5.5000000000000009 119.55000000000003 5.9750000000000005 3.5000000000000004 0.16792623089504261 2.4500000000000006 7.7184388310549448 0.99999982964030021 2.5416652766936774 2.3631275014829369 43.150000000000013 6.5000000000000009 1.0000000180025095e-35 5.9000000000000012 11.750000000000002 25.950000000000003 9.3150000000000031 22.500000000000004 30.050000000000004 4.7250000000000005 5.5000000000000009 1.2440965570075033 1.5000000000000002 1.8643423081081865 8.5833333333333339 1.6446406990989504 11.750000000000002 11.750000000000002 25.500000000000004 0.42707379134860057 2.9166666666666674 17.500000000000004 12.500000000000002 37.750000000000007 0.62767897856817156 0.092038675727372399 4.5000000000000009 3.6670227287056645 1.9233357983091681 1.6606053057855057 0.60656663301794811 0.95128543177323677 2.1850000000000005 1.2753329812826382 7.8333333333333348 11.750000000000002 11.500000000000002 3.8150000000000004 5.1500000000000012 13.970000000000002 2.3150000000000004 10.500000000000002 12.165000000000001 2.7420000687296993 2.5000000000000004 1.4455718685637626 5.1535587393950335 6.291666666666667 5.5000000000000009 1.8840568332990415 1.3314711359404099 5.5000000000000009 1.7780641466208478 16.150000000000002 1.6143569934009336 2.6250000000000004 77.750000000000014 4.1850000000000014 5.1535587393950335 2.1723591599922507 6.416666666666667 10.450000000000001 2.7250000000000005 1.7684216142967872
decision_type=2 2 2 2 2 2 2 2 2 2 2 2 2 2 2 2 2 2 2 2 2 2 2 2 2 2 2 2 2 2 2 2 2 2 2 2 2 2 2 2 2 2 2 2 2 2 2 2 2 2 2 2 2 2 2 2 2 2 2 2 2 2 2 2 2 2 2 2 2 2 2 2 2 2 2 2 2 2 2 2 2 2 2 2 2 2 2 2 2 2 2 2 2 2
left_child=6 5 11 7 13 27 15 86 10 50 22 82 19 31 16 -1 81 18 90 25 -21 35 60 92 28 -11 85 -2 29 79 40 32 -5 -33 -18 46 37 38 39 -37 65 77 -40 45 -45 69 55 -39 49 -26 -7 52 53 -44 -55 -10 64 -58 59 -24 78 70 -52 -32 76 66 67 -14 -30 -20 -34 -59 -38 74 -51 -76 -57 -42 -6 80 -25 -12 93 -27 -63 -15 -4 -75 -56 -8 -16 -70 -13 -3
right_child=1 2 3 4 8 9 89 -9 21 12 14 23 30 26 17 -17 34 -19 43 20 -22 -23 58 24 48 83 -28 -29 68 -31 63 33 61 -35 -36 36 72 47 42 -41 41 -43 51 44 -46 -47 -48 -49 -50 73 62 -53 -54 54 88 56 57 71 -60 -61 -62 84 -64 -65 -66 -67 -68 -69 91 -71 -72 -73 -74 87 75 -77 -78 -79 -80 -81 -82 -83 -84 -85 -86 -87 -88 -89 -90 -91 -92 -93 -94 -95
leaf_value=-0.029930037302441204 -0.0016280915400152746 -0.021663567420144511 -0.039759078166936739 0.0083954055733780984 0.00089963645578567601 0.022133554384493569 -0.026550321144154475 0.012195411302352049 0.0096171847469643246 0.019835253848454564 0.038193575535423983 -0.016110908892729051 0.03006202153870972 -0.0011437001874324215 -0.030971527159676496 0.017455572000692213 -0.010289696073493781 0.023848708280427254 -0.010879882548696367 0.0033045356063856847 0.03634520195685291 0.018907675779531841 -0.023093432599750618 0.0014377793383568433 0.014378325998324096 0.029313196488708969 0.021663771216146186 -0.037324048591976272 -0.010070828975621256 0.01723411054161211 0.017011613008803241 0.022969478879338416 0.029643576940616107 -0.0029199322054628131 0.018644215249605842 0.033285993963054532 -0.037636219607172394 0.025405747719755539 -0.026798506324379807 -0.0063084197096607789 0.0051020094416895151 -0.014636968827164967 -0.027380227235347804 0.0076060604513079394 -0.026573600997503111 0.024173647876488052 -0.033675888472436626 0.00045115632482087254 0.01588519655236657 0.016703795158228094 0.011510988574014374 -0.021250335393307777 0.01282517469063971 0.01514598615863451 -0.0061385348323006314 -0.038094431304343576 0.011139458643812876 -0.0018529486046789366 -0.033080357702309708 0.0078860133138835241 -0.0096434623121254906 0.040952277604709236 -0.0096623638291419497 0.036095184049184582 -0.0060883541871605308 0.0053046780138446365 0.036051640178883813 0.0012255805388127834 -0.039125340555596785 0.013078427685026239 0.0055135372692135028 -0.027006912697913398 -0.0070560534939007272 -0.028333304161914093 -0.025581241408815923 0.0047692434873205097 -0.011172046828441137 0.022762001987400526 0.020634233857719439 -0.02828144049746709 -0.02641327593319993 0.020445053683040188 -0.013311237239128113 0.041708554592999991 0.022788759547808794 -0.017156737311257348 -0.017351644466922646 -0.0054937474443852831 -0.02427468328027 -0.048755033970056219 -0.010660436154542834 -0.0174623773636319 -0.036542317238359101 -0.039752985838351698
leaf_weight=5.07970132678747 7.9086507335305196 4.8298700004816117 24.909338762983683 11.661566611379383 6.3857035785913485 6.8962954282760647 5.4910058490931979 4.8181575872004023 5.3539192080497733 20.628812156617641 13.08169921115041 3.414440255612134 7.6028934121131959 8.2337191700935382 5.4013665616512281 5.241531640291214 7.757364988327029 11.448052190244196 6.0434120837599057 19.102310501039028 14.308199003338812 8.0771688148379308 5.1921935901045817 6.841754533350473 5.3457078859210041 21.972938649356365 6.3920217454433432 5.571142828091979 4.8783256616443422 5.8344955109059802 14.894326359033586 12.642217289656402 6.1111651770770532 10.724923387169836 8.8024116083979589 5.1128215566277486 4.6238578017801037 9.3907803352922219 8.2482423484325391 5.3502696398645639 9.5964123457670265 9.1674483567476255 4.6776445545256164 6.9169488810002786 5.2222752422094345 10.53374123573303 6.3816230166703454 9.7635819204151613 6.132548250257968 4.3088964894413975 7.456797823309901 7.7693517282605162 9.86536145955324 9.2310613319277781 6.4056801497936231 7.5967824365943688 7.4277022071182754 5.8331653624773008 6.5509161762893191 5.6588034108281136 7.4405141547322264 23.744717113673687 11.008951392024754 15.330176368355749 5.5772988982498637 7.9825295582413665 9.5446339920163137 8.7217594124376756 11.48931999132037 5.0960575975477695 6.7517457865178585 4.5768286772072315 3.2424381598830223 5.767430439591406 7.0748847872018796 4.4608394913375378 3.9886066000908613 8.6704866439104062 7.2551717087626457 8.3316279426217061 4.0611477345228195 11.318450462073086 3.6087176688015452 56.483265317976475 8.9417056962847692 6.0477297082543364 4.494631338864564 2.8103887476027012 4.1776800937950611 90.52780716586858 4.5903429239988327 3.6115881949663153 10.064649675041435 20.985668398439884
leaf_count=41 40 50 304 51 36 27 55 31 32 51 47 38 25 42 36 21 44 42 38 46 28 30 32 55 36 51 33 66 47 24 38 59 28 50 30 18 48 39 54 48 40 39 38 40 40 42 56 56 39 30 36 49 46 56 44 66 48 46 61 34 40 77 57 32 38 33 29 37 129 23 36 35 24 57 55 25 32 25 31 80 40 50 38 105 30 38 50 28 27 1507 28 35 120 242
internal_value=-0.000680395 0.00510999 -0.00299774 0.00222818 0.00520688 0.0216133 -0.0438587 -0.0299391 0.000248227 0.0238145 0.00628933 -0.0202958 0.0258051 0.0186553 0.0112961 -0.00644949 0.0210279 0.00383613 -0.00180963 0.0308832 0.0180994 -0.00545921 -0.00619722 -0.0154288 -0.0121647 0.0349699 0.00132247 -0.0179399 -0.0194776 -0.0103008 0.0181982 0.0230316 0.027482 0.0114547 0.00527613 -0.00705015 -0.00310409 -0.000422633 -0.00490105 0.0142554 0.0132244 0.00440882 -0.00907995 0.00507797 -0.00800135 0.0124335 -0.0142479 0.0133391 -0.00270936 -0.00693181 0.0059208 -0.00506979 -0.000913304 -0.00673316 -0.000777685 -0.0104356 -0.0136849 -0.0036838 -0.0184913 -0.00763544 0.00432889 0.0320832 -0.000960084 0.027537 -0.0233042 0.0200373 0.0242167 0.0156156 -0.0299524 0.000254982 0.0182891 -0.0143098 -0.0272488 -0.0119784 -0.00545235 -0.0144006 -0.0304498 0.0142308 0.0120883 -0.019092 -0.0102838 0.0310897 -0.0348945 0.0386496 0.0368075 -0.00860368 -0.0370173 -0.0222052 -0.0147752 -0.047772 -0.0234591 -0.0353507 -0.0328369 -0.0373027
internal_weight=905.881 799.541 536.693 412.841 378.619 262.848 106.34 34.2221 277.367 249.368 134.695 123.852 224.006 101.252 96.2121 10.3212 40.9599 55.2522 43.8041 132.496 33.4105 142.672 38.4833 94.428 80.949 99.085 20.6735 13.4798 45.0483 25.069 91.5107 80.578 57.2109 23.3671 16.5598 134.595 87.8588 79.9925 60.8381 10.4631 61.2862 27.4343 50.375 33.8124 12.1392 21.6732 46.7359 19.1544 35.9007 29.7681 25.362 42.1268 34.3574 24.4921 19.8144 40.3543 35.0004 17.8377 17.4019 10.851 21.0814 45.5493 18.4657 30.2245 17.1627 33.8518 25.8693 16.3247 19.9792 11.1395 12.8629 10.41 7.8663 24.4224 15.8446 11.5357 11.5854 18.2669 13.6409 19.2345 10.9029 24.4001 29.4243 78.4562 32.6864 14.2814 29.404 8.57782 10.5834 96.0188 9.99171 15.1009 13.4791 25.8155
internal_count=6050 4426 3621 2453 2068 805 1624 385 1624 699 694 1168 579 444 460 62 171 289 247 281 74 930 234 838 680 207 113 106 410 199 298 331 222 109 74 900 547 475 380 66 228 104 314 183 80 103 353 95 270 231 120 260 211 165 127 297 265 129 127 66 107 171 93 70 136 124 91 62 211 61 64 81 72 195 110 80 98 65 67 175 95 97 330 156 107 80 354 85 71 1562 64 164 158 292
is_linear=0
shrinkage=0.03


Tree=7
num_leaves=95
num_cat=0
split_feature=0 11 9 1 10 0 3 10 12 11 3 11 11 11 11 14 1 11 14 11 10 11 0 11 11 9 3 10 3 11 9 14 14 8 10 10 10 5 0 9 0 1 10 0 8 8 3 8 3 4 12 0 9 9 8 8 10 8 3 11 11 3 1 10 10 5 5 0 10 8 0 12 12 9 8 5 14 12 12 0 8 9 11 14 11 8 1 12 3 1 8 8 12 14
split_gain=241.075 107.773 51.4618 27.2595 26.7592 23.4686 22.5293 16.6672 15.8723 12.9774 8.83771 8.20111 7.87753 7.77106 7.02239 5.95241 5.75562 5.32665 5.17201 5.05745 4.7971 4.75845 4.57562 4.4807 7.09808 5.28146 4.46539 3.95246 6.36542 3.94637 3.91573 3.78743 3.7644 3.6633 3.49355 3.36305 3.24656 3.21656 3.17928 3.01112 2.98552 5.31274 4.93555 4.41992 3.8181 8.30977 2.87868 3.97158 2.86634 3.05223 4.2452 3.05342 2.78118 2.76974 2.75354 3.18625 2.63128 2.63125 2.53619 6.2274 2.4785 2.47589 2.46716 3.7371 2.40561 5.76304 3.61276 3.3824 2.80041 2.24658 2.23556 2.12625 2.63417 2.11726 2.11286 2.14411 2.00803 1.94029 2.21958 2.40603 1.82218 1.73971 1.68394 1.48254 1.41354 2.51615 1.40357 1.09009 0.887217 0.526625 0.87589 1.68217 0.524828 0.388354
threshold=13.885000000000003 1.3717524754686119 0.035273478325785111 2.5000000000000004 0.38160247033967176 4.8550000000000013 11.750000000000002 0.28053779308083299 0.15910909035674867 2.2363740691051022 3.1500000000000008 1.4223084199366431 3.0268538824607645 2.5416652766936774 1.0062793027431163 5.1250000000000009 2.5000000000000004 5.9124340934310977 1.2200000000000002 1.9081752505057288 0.83360477741585248 2.2728036912720984 7.6250000000000009 1.7312230425040072 1.6606053057855057 0.046838664385064288 10.050000000000002 2.0502715675129473 4.5500000000000007 1.5729319756227265 0.018231555715102449 12.430000000000001 5.5700000000000012 14.250000000000002 0.43984875820505936 1.2753329812826382 1.7694080113434956 2.5000000000000004 4.9450000000000012 0.014716711426838778 3.6250000000000004 17.500000000000004 1.1068247073547821 4.1850000000000014 11.750000000000002 6.8750000000000009 5.5500000000000007 5.291666666666667 33.350000000000001 3.5000000000000004 0.13149249602323815 7.7650000000000006 0.023121418184928581 0.054200940070505299 4.5500000000000007 3.0833333333333335 0.6611575822989747 3.9166666666666674 16.350000000000005 2.2363740691051022 1.5607659761207431 5.7500000000000009 12.500000000000002 0.83360477741585248 1.0478269910584324 3.5000000000000004 4.5000000000000009 6.0250000000000012 1.3849483849483852 2.8166666666666669 9.4750000000000032 0.31007826471549721 0.15278847725097464 0.027739304401354265 5.4500000000000011 4.5000000000000009 6.955000000000001 0.27210934723374014 0.22148421403763519 4.2950000000000008 8.1666666666666696 0.12903762903762908 0.99999982964030021 16.640000000000004 7.13231170474526 7.8333333333333348 17.500000000000004 0.12476611218520492 68.250000000000014 17.500000000000004 2.9166666666666674 4.6333333333333337 0.12602399458740049 9.6450000000000014
decision_type=2 2 2 2 2 2 2 2 2 2 2 2 2 2 2 2 2 2 2 2 2 2 2 2 2 2 2 2 2 2 2 2 2 2 2 2 2 2 2 2 2 2 2 2 2 2 2 2 2 2 2 2 2 2 2 2 2 2 2 2 2 2 2 2 2 2 2 2 2 2 2 2 2 2 2 2 2 2 2 2 2 2 2 2 2 2 2 2 2 2 2 2 2 2
left_child=1 4 3 39 16 19 15 -4 13 20 86 -2 33 21 36 18 82 48 -6 60 29 23 88 24 25 -9 -23 28 -14 -7 -24 35 37 46 -15 38 69 53 -16 -3 44 42 74 -43 45 54 -12 77 -11 51 -51 62 93 -30 55 -21 -39 -27 59 -49 -5 -20 63 -50 -36 -66 68 -68 -67 -8 -69 72 -37 92 75 -42 -64 78 79 -48 -32 -17 -1 89 85 -58 -10 -31 -22 90 -25 -92 -19 -53
right_child=11 2 7 5 6 9 14 8 10 17 12 -13 27 34 31 81 -18 73 61 40 22 26 30 83 -26 57 -28 -29 32 87 80 -33 -34 -35 64 71 -38 56 -40 -41 41 43 -44 -45 -46 -47 47 58 49 50 -52 52 -54 -55 -56 -57 84 -59 -60 -61 -62 -63 76 -65 65 66 67 70 -70 -71 -72 -73 -74 -75 -76 -77 -78 -79 -80 -81 -82 -83 -84 -85 -86 -87 -88 -89 -90 -91 91 -93 -94 -95
leaf_value=-0.010002529258577865 -0.0042853516952820704 -0.0086200293743016795 -0.034507560532990249 0.013624881939279724 -0.0021404290161551767 0.01554624582120695 0.023887026723676718 0.012160314457436223 -0.031195878680206575 -0.019873139779674538 -0.01627471105626414 -0.047038356080982432 0.023132375129350374 -0.0018378718106284661 0.0066952161863341247 -0.022216902418516923 0.0058882272070457072 -0.043229888548413462 0.0079967288848388236 0.022160872387894635 0.017614151414334412 -0.016535787585822727 -0.0094609572715969054 -0.031060551063274433 0.024105563372910838 -0.0026419649277259747 0.015222372168497379 0.015904876574526536 0.018346833153258409 -0.022873149963727399 0.0034422470391461527 0.0042341477797317303 -0.034980707723163702 0.027746625479980684 -0.037335302599363233 0.022482418806538486 0.019803183216650297 0.0016041851850079837 0.025100124701736556 -0.037464202475569211 0.0079098822640580428 -0.023779281579828445 0.029579547148300266 0.009820960012208781 0.032307856906980632 -0.006521197672673759 -0.0057170707703966322 -0.028530638590133391 0.0044583097366226619 0.024651907874246211 -0.0083737038305662925 -0.035169987455815052 0.0026871136281096464 -0.012114905922866093 0.03364358089459072 -0.0024850881261271672 -0.038117824792960657 -0.034285111198840541 0.0086412061343424905 0.011320899904824645 0.034223260464139219 0.028975664121758362 -0.0031459385666330985 -0.028737237440990875 -0.042134722776657044 0.019088735133266137 0.0022965368606366579 -0.038582571554536899 -0.013496072654481252 0.039135515781665152 -0.0060935569129673657 0.017016678352338308 0.045711479956588197 -0.0045270754031699586 0.017703991572954946 -0.014499865409417577 0.019681564778454397 0.00063357219399507716 0.029897282032816622 0.019914584628215361 0.023865842093438686 -1.5076247206417826e-05 -0.032877390870741 -0.003543699948129031 -0.0043862866928097632 -0.0096928765937980676 -0.0049976406260640368 -0.0030268995035296867 0.034071934031453997 -0.036541806250161783 0.0017471501487590876 -0.021664111135146345 -0.019383587519072869 -0.01374610019681268
leaf_weight=8.1330684982240218 4.4429538995027533 5.3541456870734718 26.67047584336251 9.5624951198697108 14.786741014569996 4.8027958311140528 16.956173330545425 4.2195943444967297 8.7512404397129995 9.0230326578021032 4.2513759396970263 91.623537850566208 3.425428979098796 5.0416175462305537 16.907433792948723 5.995222005993126 14.958427594974635 4.0918307825922948 9.8065739423036593 13.130677890032535 12.974037759006025 5.2219135127961627 9.1925570443272608 5.1087667420506575 4.9702618382871142 3.5835794489830715 10.205114055424927 4.4386624172329894 4.8071974925696868 5.6107499077916128 7.9598849415779096 10.409878760576246 6.3048347271978846 6.4040417484939089 18.914673885330558 11.966651827096941 16.516170464456081 5.4431677572429207 18.102299682796001 11.772472975775598 7.9106984362006241 6.49524402245879 11.053660511970518 5.8547780588269234 13.446486845612524 12.556124925613402 5.0945266634225899 6.768883880227806 6.4561679158359784 6.766797084361313 5.6749485246837139 4.1334420517086965 3.4948369488120079 4.0700906254351139 11.035474725067614 6.8104149699211112 6.701062951236965 7.1445564478635788 9.9392703101038915 5.700855478644371 20.571831531822681 12.352831508964298 6.4576106704771501 4.4289615862071514 7.9519940242171314 4.0014024842530516 3.8903802186250678 6.6712588779628259 3.5660400353372097 70.637193687260151 3.1073884852230549 10.701797373592852 12.76925654709339 3.2982783094048491 6.6159397624433032 5.7763924710452557 5.9429259821772575 6.8779671844094983 8.727920997887848 6.7886398509144783 7.6135860290378332 5.8211279511451721 5.0663848761469117 3.386617947369813 3.7402519062161437 5.8233879841864109 2.8013096451759329 4.5549283102154732 7.0495692044496527 5.1171469893306485 3.9536159671843034 7.2007076740264893 4.5917743928730488 3.2880912013351917
leaf_count=42 29 58 343 32 59 24 38 21 99 80 41 1556 21 40 56 34 58 39 41 58 56 42 49 55 29 26 50 23 23 41 44 35 61 34 201 37 35 44 57 147 38 30 37 33 45 58 39 49 46 28 36 38 26 37 36 32 57 68 51 36 74 36 36 33 85 23 30 73 38 144 27 24 32 24 28 36 24 45 39 41 30 39 64 33 33 39 34 27 23 52 29 65 35 27
internal_value=-0.000493885 0.00495591 -0.00280262 0.006197 0.0206715 0.00866362 0.0239898 -0.0124395 -0.00974361 -0.000514011 -0.00195207 -0.0451256 0.000876 -0.0176956 0.0287529 0.00570749 -0.00675062 -0.00944778 0.0115831 0.0175379 0.00958844 -0.0100488 0.0144222 -0.0149236 -0.00401369 -0.0142889 0.00412029 -0.00856051 -0.0115739 -0.0048728 0.00543278 0.0215953 -0.015322 0.00787614 -0.0259996 0.0240656 0.0340536 -0.0102903 0.0166445 -0.0294199 0.0140597 0.00788895 0.0143278 -0.00830793 0.0185754 0.0137035 0.00506563 0.00716788 -0.00530489 -0.00212876 0.0100859 -0.00673241 -0.0190838 0.00456806 0.021849 0.0140269 -0.0163002 -0.0248417 -0.00218988 -0.0108236 0.0283344 0.0204377 -0.000394677 -0.0103298 -0.0284429 -0.0216347 -0.0124088 -0.0211176 0.00395064 0.0364867 -0.0297816 0.0307391 0.035784 -0.026804 0.0050255 -0.00189106 0.00844641 0.0146054 0.0190228 0.00933503 0.0142645 -0.0121341 -0.0204797 -0.0232013 -0.0220379 -0.0265952 -0.0257474 -0.0150482 0.0247534 -0.0260176 -0.0207812 -0.013905 -0.0339241 -0.0284375
internal_weight=890.095 794.028 532.141 275.354 261.887 258.227 233.729 256.787 230.117 127.407 116.86 96.0665 105.308 113.257 184.967 48.7625 28.1579 67.6487 36.9461 130.82 59.7581 60.1119 44.7896 44.6848 19.918 14.9477 15.427 44.7541 40.3154 14.9685 24.766 80.8573 36.89 60.5535 53.1448 70.4474 104.11 30.5852 35.0097 17.1266 100.686 43.7067 31.3567 12.35 56.9792 43.5327 54.1494 49.8981 55.6668 46.6438 12.4417 34.202 10.9164 8.87729 30.9766 19.9411 21.7079 10.7281 22.409 12.4697 30.1343 22.1594 23.2857 10.8851 48.1031 29.1885 21.2365 13.669 7.56744 87.5934 9.77865 35.4377 24.7359 11.9819 20.303 13.6871 12.4005 27.4891 20.6111 11.8832 15.5735 11.8163 13.1995 24.7669 16.2647 12.5245 11.5526 10.1657 20.0236 21.3802 16.2631 11.1543 8.68361 7.42153
internal_count=6100 4515 3684 1508 831 1303 667 2176 1833 766 846 1585 713 987 458 209 164 472 136 537 294 470 202 378 144 115 92 338 315 92 123 241 294 375 517 206 217 233 113 205 431 202 139 63 229 184 341 300 374 294 64 230 91 60 126 90 173 94 136 85 106 77 139 79 477 276 191 130 61 182 100 93 69 98 102 74 60 164 119 80 74 73 106 234 129 96 133 68 79 201 149 94 74 65
is_linear=0
shrinkage=0.03


Tree=8
num_leaves=95
num_cat=0
split_feature=11 11 9 12 10 8 8 12 11 3 0 0 7 3 10 3 11 0 11 5 11 7 11 10 8 1 10 1 8 7 9 14 1 11 12 8 8 1 7 10 10 3 1 10 0 14 10 1 10 5 11 8 8 0 10 11 3 10 8 10 12 8 7 0 10 5 0 11 11 11 10 0 11 10 1 1 5 9 11 3 9 5 11 8 9 1 7 10 10 11 11 10 8 10
split_gain=213.456 107.212 46.6818 27.7033 21.9245 14.5782 12.5393 12.294 14.7696 11.3631 9.34864 9.03927 9.6363 6.21692 5.80387 6.05005 5.42077 6.4822 5.14665 8.34067 5.03205 4.67241 4.63644 8.7792 9.5766 5.84319 4.56642 4.24613 5.6205 4.82723 3.89535 5.91532 3.77279 3.58941 3.86506 3.24629 3.47065 3.86749 3.72517 3.22908 3.22152 3.15517 4.83528 3.12958 3.67026 3.04184 3.01622 3.77429 3.47781 3.0546 3.45118 2.85836 4.09899 3.81675 2.66831 2.43889 2.36857 2.33047 5.06297 2.31812 2.21693 2.18628 2.17836 2.06965 2.03639 1.98551 1.97979 1.93719 3.11384 1.91803 1.86047 1.85687 1.83126 1.67936 1.63977 1.57669 1.53776 1.4455 1.42528 1.4221 1.26902 1.25125 1.03852 0.941227 0.865186 0.738845 0.709994 0.707606 0.676628 0.604512 0.531801 0.530551 0.499416 0.403332
threshold=12.624412116962768 1.4398494075414427 0.06872933396315542 0.17683479783607994 0.38160247033967176 1.0833333333333337 0.77500000000000013 0.081799604685427837 1.7312230425040072 31.950000000000003 4.9850000000000012 9.8950000000000014 4.5000000000000009 34.250000000000007 1.4229755178907724 14.750000000000002 2.6518435430164704 3.5350000000000006 0.9999994318001616 2.5000000000000004 1.1401164513175897 6.5000000000000009 2.6330049567281972 1.3314711359404099 3.2250000000000005 21.500000000000004 1.2595508894721494 15.500000000000002 8.5833333333333339 8.5000000000000018 0.033500931516688745 5.5150000000000006 1.5000000000000002 6.0801233038635685 0.16625115394608106 2.9166666666666674 10.250000000000002 7.5000000000000009 5.5000000000000009 1.0983758310191032 0.88289426199927834 16.150000000000002 21.500000000000004 1.1616507478825018 7.7650000000000006 3.5950000000000002 0.74123129752268835 17.500000000000004 1.4229755178907724 1.5000000000000002 3.419529765861371 2.5500000000000003 5.2250000000000005 5.5550000000000006 1.7258156374583031 1.9081752505057288 21.150000000000002 1.0771820771820775 2.9166666666666674 1.7552417629439454 0.22148421403763519 8.5833333333333339 5.5000000000000009 5.5050000000000008 0.81960506889763785 2.5000000000000004 3.4150000000000005 3.0268538824607645 4.1882151677388846 1.7435884396240506 0.47158103747828251 2.3150000000000004 2.1396412341415298 0.49913494809688586 9.5000000000000018 5.5000000000000009 5.5000000000000009 0.017667899673799382 1.6004766942897235 66.550000000000011 0.04282674883533253 3.5000000000000004 1.2440965570075033 15.500000000000002 0.076629477392836196 9.5000000000000018 7.5000000000000009 1.4229755178907724 1.3155429045840006 3.6188968953218401 3.5830548514705947 0.84240094618568906 21.500000000000004 0.6145104895104897
decision_type=2 2 2 2 2 2 2 2 2 2 2 2 2 2 2 2 2 2 2 2 2 2 2 2 2 2 2 2 2 2 2 2 2 2 2 2 2 2 2 2 2 2 2 2 2 2 2 2 2 2 2 2 2 2 2 2 2 2 2 2 2 2 2 2 2 2 2 2 2 2 2 2 2 2 2 2 2 2 2 2 2 2 2 2 2 2 2 2 2 2 2 2 2 2
left_child=1 4 3 6 21 73 -3 59 39 11 -2 12 14 27 40 -16 17 26 -14 -20 -21 32 23 24 79 43 70 29 81 33 46 41 -1 34 88 -11 37 -37 -38 78 71 -32 57 44 63 65 60 55 -49 -50 -51 86 62 72 -25 -48 -30 58 -43 75 -7 -41 64 -24 -53 -18 -67 77 -69 -55 -4 -6 -54 89 -65 -8 -23 -57 -9 -15 -59 -29 -22 -58 -47 -68 -19 -77 93 -5 -45 -64 -86 -10
right_child=10 2 16 5 9 30 7 8 13 35 -12 -13 18 22 15 -17 45 51 19 20 82 76 25 54 -26 -27 -28 28 56 -31 31 -33 -34 -35 -36 36 38 -39 -40 61 -42 42 -44 90 -46 84 47 48 49 50 -52 52 53 69 -56 67 83 80 -60 -61 -62 -63 91 74 -66 66 85 68 -70 -71 -72 -73 -74 -75 -76 87 -78 -79 -80 -81 -82 -83 -84 -85 92 -87 -88 -89 -90 -91 -92 -93 -94 -95
leaf_value=-0.014808491007873575 -0.0081781943763760793 -0.035728034769134755 0.005170030248924813 -0.030673476324090156 0.030060524033014867 -0.0045082866703186723 -0.0098409948932748972 -0.0048345223484974288 -0.020761441100057048 0.017170226751495692 -0.046312581686387043 -0.012687666364869118 0.024192267297292173 -0.015287917649554698 -0.0038934830918383057 0.025745438988423821 -0.028578005313836162 -0.033298436526464442 0.022442002923304019 -0.018291806367903337 0.015026551145962285 -0.0073446670421669713 -0.013934215639805066 -0.021382292081261092 0.032325268127250971 0.011883145187828837 0.021088715793248763 0.021833375467094369 0.00083531480484771937 0.0077689190570256238 0.023617544604110582 -0.019750744579389488 0.01209004208887189 0.00085495920858008894 0.0030748426179759789 0.020685855095532748 0.011833255214788431 0.041214127564836778 0.034618027444854232 0.012727723500178374 0.036941318330227041 0.017928506630720004 -0.016003342035686239 -0.014761359311547114 -0.027508206417870155 -0.012066350019489403 0.035738471039814798 -0.0063885821881773559 0.031402334313609212 -0.0037421800928528152 0.021587606159697872 0.018982956755999321 -0.015270326502745799 -0.011106729917696635 0.0060316990473704042 0.018504127004178701 -0.032784197013236753 0.026837766961987895 -0.017116144190493839 -0.0020142436992747134 0.014103570413716498 0.034827069807434989 -0.021442500413907387 0.014932733475402726 -0.0059069292363385676 -0.019697270797865707 -0.0063321448120881411 0.035682218050835032 0.0094308865331565132 -0.037368520607760254 -0.019371728641303244 0.010968881393406774 0.0096001899420657191 0.00091791984294248351 -0.0053517145579258137 -0.03949416915538749 -0.032821231387885848 0.0009386999657527655 0.014221967575455619 0.0063642444809529752 0.0073607680664277593 0.0027230742923176005 -0.0014523625366519234 -0.0092963868651415038 -0.034404445738318745 0.010720742526220005 -0.011548696254225136 -0.017617254541598407 -0.011081900974709237 -0.009474742677965494 -0.03585777192347412 -0.0039248027421361379 -0.013250432445166271 -0.036459529631877791
leaf_weight=5.9752807877957883 6.7201842926442614 10.698609495535491 4.1564948931336421 6.2846116516739112 8.8227826617658156 9.1958504170179385 4.2409704737365308 6.332986384630205 7.5617472641170123 18.710342675447464 84.378121618181467 8.1518420465290529 12.734694942831991 4.881217125803234 11.086716245859863 12.426248259842394 5.6178001761436471 11.418890841305254 12.054478373378513 14.233914714306595 5.9926931597292405 4.8067225236445648 5.4933755770325758 7.8888851180672628 15.157006915658711 11.047532826662062 6.3783175610005847 5.1887967251241225 5.1598610747605553 5.0907292813062659 10.765596672892569 5.896014165133237 13.495989605784414 5.0753894858062258 3.3650027066469184 14.064464941620825 16.247083283960823 46.392682075500488 11.920724600553511 9.5944855101406592 32.657955795526505 6.8979963921010512 6.6656961217522612 4.4938665945082885 4.6762661784887305 3.4656681716442099 13.798787012696264 7.4566039443016043 7.2988205365836647 9.5389410220086592 8.3351540975272638 4.8006503470242041 5.397875905036928 4.6678712218999854 4.4236164093017578 8.792411647737028 4.4835708104073984 7.5621007084846479 6.0040849968791008 3.5927438512444487 12.870771635323761 9.3306191787123662 3.2765371277928343 7.4813616909086686 5.3090139850974083 5.3079921249300241 3.4095291756093502 11.013418920338156 7.5681286491453639 10.13563062623143 5.7208167538046837 12.20463455095887 3.6856008991599083 2.6440964601933947 5.5139418244361877 8.9260759502649289 4.3267899416387081 7.6019058674573889 6.041865786537528 4.3047913052141666 6.2151778638362885 6.8051007762551308 6.4628564342856407 3.6336100660264492 30.455080648884177 3.864665798842907 3.1287399027496567 4.5653139259666196 2.9111584797501555 2.891633365303278 3.9184686839580536 3.3087997399270535 2.7857129834592333 14.411206144839523
leaf_count=53 46 147 34 89 24 50 38 34 78 51 1510 54 38 39 49 35 59 130 51 55 26 35 44 52 63 54 41 22 36 38 52 43 58 37 25 37 44 101 28 36 89 42 37 31 48 37 36 35 24 38 40 30 49 45 26 34 42 32 38 23 65 28 35 47 40 55 33 39 32 108 50 45 30 16 32 92 30 33 33 24 33 52 34 29 372 29 36 39 23 32 31 27 27 138
internal_value=-0.000450904 0.00470188 -0.00358355 0.00178299 0.019783 0.0108997 -0.00553943 -0.00371482 -0.00102362 0.0226847 -0.0436188 0.0167367 0.0186842 -0.00513129 0.025347 0.0121815 -0.0192635 -0.0134931 0.00840006 0.00273124 -0.00666024 -0.0049153 0.000493812 0.00820007 0.0183928 -0.0061693 0.00301726 -0.0120331 -0.00233447 -0.0181922 0.0133972 0.00634446 0.00351535 -0.0222688 -0.0263106 0.0300427 0.0325384 0.0368528 0.0223321 0.0173166 0.030785 0.010193 0.00529731 -0.012656 -0.00640742 -0.0263902 0.0167124 0.0193715 0.0109624 0.0161498 0.0085877 -0.0183284 -0.013649 -0.0213681 -0.0118198 0.0246638 -0.0152486 0.0110051 0.00156209 -0.024676 0.00648823 0.0248244 -0.00202115 6.71703e-05 0.00655705 -0.0150595 -0.007364 0.0194226 0.0260179 -0.0303144 -0.0095184 0.0199805 -0.00522786 -0.0200441 0.00655857 -0.0289149 -0.0214615 0.0108814 0.00483726 -0.00551252 0.019144 0.0120346 0.0070036 -0.0244429 -0.0314599 0.00292851 -0.0296644 -0.0338179 -0.0302495 -0.0255808 -0.0273537 -0.0143185 -0.0330704 -0.0321961
internal_weight=861.747 770.649 497.88 371.588 272.769 165.298 206.29 195.592 174.266 244.164 91.0983 136.829 128.677 142.967 77.1983 23.513 126.292 71.3852 51.4786 38.7439 26.6895 28.6048 79.2803 36.6555 24.343 42.6248 16.2556 63.6862 25.2709 38.4152 153.477 50.0067 19.4713 33.3245 28.2491 107.335 88.625 60.4571 28.1678 31.3 53.6854 44.1107 33.3451 31.5773 23.1649 54.9064 103.471 81.4042 32.6295 25.1729 17.8741 55.1296 40.582 23.887 12.3125 48.7747 13.277 26.6794 12.9021 21.3251 22.0666 18.9251 16.695 18.4887 10.1097 18.2 12.5822 34.9759 18.5815 14.8035 9.87731 21.0274 9.08348 11.8203 12.9953 17.7324 9.13351 16.3943 12.3749 9.18601 13.7773 11.9939 12.4555 8.11718 36.7065 7.27419 14.5476 13.4914 24.8841 9.17625 8.41234 6.58534 33.2408 21.973
internal_count=6081 4525 3588 2321 937 840 1481 1334 1142 761 1556 500 446 1011 242 84 1267 655 204 166 115 176 491 204 126 287 125 520 181 339 703 277 111 301 264 261 210 138 72 131 158 234 182 233 171 612 426 311 137 102 78 530 364 232 78 174 107 145 80 192 115 64 132 123 70 176 117 138 71 153 84 69 79 137 79 169 65 67 67 63 65 74 60 71 436 62 166 131 239 121 62 62 399 216
is_linear=0
shrinkage=0.03


end of trees

feature_importances:
Rel_Distance=147
Rel_Availability=118
Last_Updated_Min_Ago=114
Availability_Ratio=96
Distance_km=74
Urgency_x_Distance=63
Available_Units_For_Type=56
Inv_Distance=51
Blood_Group_Requested=32
City=30
Staleness_Score=26
Units_Requested=11

parameters:
[boosting: gbdt]
[objective: lambdarank]
[metric: ndcg]
[tree_learner: serial]
[device_type: cpu]
[data_sample_strategy: bagging]
[data: ]
[valid: ]
[num_iterations: 3000]
[learning_rate: 0.03]
[num_leaves: 95]
[num_threads: 20]
[seed: 42]
[deterministic: 0]
[force_col_wise: 0]
[force_row_wise: 0]
[histogram_pool_size: -1]
[max_depth: -1]
[min_data_in_leaf: 30]
[min_sum_hessian_in_leaf: 0.001]
[bagging_fraction: 0.8]
[pos_bagging_fraction: 1]
[neg_bagging_fraction: 1]
[bagging_freq: 1]
[bagging_seed: 400]
[bagging_by_query: 0]
[feature_fraction: 0.9]
[feature_fraction_bynode: 1]
[feature_fraction_seed: 30056]
[extra_trees: 0]
[extra_seed: 12879]
[early_stopping_round: 0]
[early_stopping_min_delta: 0]
[first_metric_only: 0]
[max_delta_step: 0]
[lambda_l1: 0]
[lambda_l2: 1]
[linear_lambda: 0]
[min_gain_to_split: 0]
[drop_rate: 0.1]
[max_drop: 50]
[skip_drop: 0.5]
[xgboost_dart_mode: 0]
[uniform_drop: 0]
[drop_seed: 17869]
[top_rate: 0.2]
[other_rate: 0.1]
[min_data_per_group: 100]
[max_cat_threshold: 32]
[cat_l2: 10]
[cat_smooth: 10]
[max_cat_to_onehot: 4]
[top_k: 20]
[monotone_constraints: ]
[monotone_constraints_method: basic]
[monotone_penalty: 0]
[feature_contri: ]
[forcedsplits_filename: ]
[refit_decay_rate: 0.9]
[cegb_tradeoff: 1]
[cegb_penalty_split: 0]
[cegb_penalty_feature_lazy: ]
[cegb_penalty_feature_coupled: ]
[path_smooth: 0]
[interaction_constraints: ]
[verbosity: 1]
[saved_feature_importance_type: 0]
[use_quantized_grad: 0]
[num_grad_quant_bins: 4]
[quant_train_renew_leaf: 0]
[stochastic_rounding: 1]
[linear_tree: 0]
[max_bin: 255]
[max_bin_by_feature: ]
[min_data_in_bin: 3]
[bin_construct_sample_cnt: 200000]
[data_random_seed: 175]
[is_enable_sparse: 1]
[enable_bundle: 1]
[use_missing: 1]
[zero_as_missing: 0]
[feature_pre_filter: 1]
[pre_partition: 0]
[two_round: 0]
[header: 0]
[label_column: ]
[weight_column: ]
[group_column: ]
[ignore_column: ]
[categorical_feature: ]
[forcedbins_filename: ]
[precise_float_parser: 0]
[parser_config_file: ]
[objective_seed: 16083]
[num_class: 1]
[is_unbalance: 0]
[scale_pos_weight: 1]
[sigmoid: 1]
[boost_from_average: 1]
[reg_sqrt: 0]
[alpha: 0.9]
[fair_c: 1]
[poisson_max_delta_step: 0.7]
[tweedie_variance_power: 1.5]
[lambdarank_truncation_level: 30]
[lambdarank_norm: 1]
[label_gain: ]
[lambdarank_position_bias_regularization: 0]
[eval_at: 3,5]
[multi_error_top_k: 1]
[auc_mu_weights: ]
[num_machines: 1]
[local_listen_port: 12400]
[time_out: 120]
[machine_list_filename: ]
[machines: ]
[gpu_platform_id: -1]
[gpu_device_id: -1]
[gpu_use_dp: 0]
[num_gpu: 1]

end of parameters

pandas_categorical:[]
